0.0	1.2	2.2	4.1	2.7	5.4	0.7	6.1	22.9	7.5	14.7	21.1	27.9	6.9	18.6	30.9	42.8	59.2	11.9	31.6	23.5	53.5	61.1	62.1	128.2	129.0	150.9	130.2	143.1	149.6	129.6	135.6	168.3	161.3	150.2	141.4	112.3	119.9	123.5	115.6	132.1	141.5	134.6	121.7	110.2	112.1	116.6	115.9	78.4	100.6	65.3	63.7	72.4	30.1	25.4	29.5	29.8	34.6	26.2	24.0	46.6	39.1	52.6	75.4	64.1	56.8	86.3	46.0	108.7	108.4	104.3	83.7	60.0	105.1	106.7	82.4	54.8	112.4	67.7	68.3	47.5	55.2	104.7	107.9	106.9	96.3	83.6	82.1	94.8	89.0	178.1	199.1	202.4	192.9	170.7	167.4
1.2	0.0	3.1	2.7	2.9	4.4	0.5	5.1	22.0	6.1	14.7	21.1	28.6	11.2	19.2	31.5	43.4	59.8	9.6	29.4	21.2	54.2	61.8	62.8	128.9	129.7	151.6	130.9	143.8	150.3	130.3	136.3	169.0	162.0	150.9	142.1	113.0	120.6	124.2	116.3	132.8	142.2	135.3	122.4	110.9	112.8	117.3	116.6	79.1	101.3	66.0	64.4	73.1	29.2	24.5	28.6	28.8	33.7	25.3	23.0	44.3	38.2	51.6	74.5	63.2	55.9	85.3	45.0	106.4	106.1	102.1	81.5	57.8	102.8	104.4	80.1	52.5	110.1	68.3	68.9	48.1	55.9	105.3	108.6	107.5	96.9	84.2	82.7	95.5	89.6	178.8	199.8	203.2	193.6	171.4	168.1
1.9	3.1	0.0	4.3	4.5	9.9	2.3	10.6	29.8	9.3	14.7	22.4	24.8	4.6	19.7	32.0	49.0	65.3	20.5	40.2	32.1	50.4	58.0	59.0	125.1	125.9	147.8	127.0	140.0	146.4	126.5	132.5	165.2	158.2	147.0	138.3	109.2	116.8	120.3	112.5	129.0	138.4	131.5	118.6	107.1	108.9	113.5	112.7	75.3	97.5	62.2	60.5	69.2	37.0	30.0	36.4	36.6	41.5	33.1	28.5	55.2	43.6	59.4	82.3	71.0	63.7	93.1	52.8	117.3	117.0	113.0	92.4	68.7	113.7	115.3	91.0	63.4	121.0	68.9	69.5	48.7	56.4	105.8	109.1	108.0	97.5	84.8	83.2	96.0	90.1	175.0	195.9	199.3	189.8	167.5	164.3
4.1	2.7	6.6	0.0	5.3	4.0	3.4	4.6	23.9	3.3	12.2	18.7	25.9	8.5	23.7	35.9	52.9	69.3	12.7	32.5	24.3	51.5	59.1	60.1	126.2	127.0	148.9	128.1	141.1	147.6	127.6	133.6	166.3	159.3	148.1	139.4	110.3	117.9	121.4	113.6	130.1	139.5	132.6	119.7	108.2	110.0	114.6	113.8	76.4	98.6	63.3	61.6	70.4	31.1	24.0	30.5	30.7	35.6	27.2	22.6	47.4	37.7	53.5	76.4	65.0	57.7	87.2	46.9	109.5	109.3	105.2	84.6	60.9	106.0	107.5	83.3	55.6	113.2	72.8	73.4	52.6	60.3	109.8	113.0	112.0	101.4	88.7	87.2	99.9	94.1	176.1	197.0	200.4	190.9	168.7	165.4
2.7	3.1	4.5	14.1	0.0	10.9	2.6	12.9	28.3	16.8	25.8	33.6	33.6	13.4	18.7	30.9	47.9	64.3	9.3	29.0	20.8	59.2	66.9	67.8	133.9	134.8	156.6	135.9	148.8	155.3	135.3	141.4	174.1	167.0	155.9	147.1	118.1	125.6	129.2	121.3	137.9	147.3	140.3	127.4	115.9	117.8	122.4	121.6	84.2	106.3	71.1	69.4	78.1	35.5	37.1	34.9	35.1	40.0	31.6	29.4	44.0	44.5	57.9	80.8	69.5	62.2	91.7	51.3	106.0	105.8	101.7	81.1	57.4	102.5	104.1	79.8	52.2	109.8	67.8	68.4	47.6	55.3	104.7	108.0	106.9	96.4	83.7	82.1	94.9	89.0	183.8	204.8	208.2	198.7	176.4	173.2
5.3	4.4	9.9	3.9	11.4	0.0	5.1	1.8	20.4	6.6	15.6	25.7	29.2	11.8	26.0	38.2	55.2	71.6	9.2	29.0	20.8	54.8	62.4	63.4	129.5	130.3	152.2	131.5	144.4	150.9	130.9	136.9	169.6	162.6	151.4	142.7	113.6	121.2	124.8	116.9	133.4	142.8	135.9	123.0	111.5	113.4	117.9	117.2	79.7	101.9	66.6	65.0	73.7	27.6	21.2	27.0	27.2	32.1	23.7	19.8	44.0	34.9	50.0	72.9	61.6	54.3	83.8	43.4	106.0	105.8	101.7	81.1	57.4	102.5	104.1	79.8	52.1	109.8	75.1	75.7	54.9	62.6	112.1	115.3	114.2	103.7	91.0	89.5	102.2	96.4	179.4	200.4	203.7	194.2	172.0	168.7
0.7	0.7	2.2	3.4	2.6	4.9	0.0	5.6	22.5	6.7	14.6	21.0	28.3	6.6	18.7	30.9	42.9	59.3	11.8	31.6	23.4	53.9	61.5	62.5	128.6	129.4	151.3	130.6	143.5	150.0	130.0	136.0	168.7	161.7	150.6	141.8	112.7	120.3	123.9	116.0	132.5	141.9	135.0	122.1	110.6	112.5	117.0	116.3	78.8	101.0	65.7	64.1	72.8	29.6	25.0	29.1	29.3	34.2	25.7	23.5	46.6	38.7	52.1	74.9	63.6	56.3	85.8	45.5	108.6	108.4	104.3	83.7	60.0	105.1	106.6	82.4	54.7	112.3	67.8	68.4	47.6	55.3	104.8	108.0	106.9	96.4	83.7	82.2	94.9	89.1	178.5	199.5	202.9	193.3	171.1	167.8
6.0	5.2	10.6	4.6	6.9	2.0	5.9	0.0	17.2	6.2	21.0	22.5	29.9	12.5	27.9	40.2	57.2	73.5	11.2	31.0	22.8	55.5	63.1	64.1	130.2	131.0	152.9	132.2	145.1	151.6	131.6	137.6	170.3	163.3	152.1	143.4	114.3	121.9	125.5	117.6	134.1	143.5	136.6	123.7	112.2	114.1	118.6	117.9	80.4	102.6	67.3	65.7	74.4	24.4	19.7	23.8	24.0	28.9	20.5	18.2	46.0	33.4	46.8	69.7	58.3	51.0	80.5	40.2	108.0	107.8	89.1	83.1	59.4	104.5	106.1	81.8	54.1	111.7	77.1	77.7	56.9	64.6	114.0	117.3	116.2	105.7	93.0	91.4	104.2	98.3	180.1	201.1	204.4	194.9	172.7	169.4
19.8	26.2	23.7	25.7	29.6	22.4	19.6	17.9	0.0	13.9	5.6	7.1	21.9	19.0	44.1	56.4	73.4	89.7	27.4	47.2	39.0	48.9	56.6	57.6	123.6	124.5	146.3	125.6	138.5	145.0	125.1	131.1	163.8	156.8	145.6	136.8	107.8	115.3	118.9	111.0	127.6	137.0	130.1	117.1	105.7	107.5	112.1	71.6	73.9	96.0	60.8	59.1	67.8	19.1	20.8	18.6	18.8	23.7	12.2	22.1	48.5	37.3	41.6	64.4	53.1	45.8	75.3	35.0	124.2	124.0	93.0	99.3	75.6	120.7	122.3	98.0	70.3	127.9	93.3	93.9	73.1	80.8	130.2	133.5	132.4	121.9	109.2	107.6	120.4	114.5	173.5	194.5	197.9	188.4	166.1	162.9
8.4	6.1	8.5	3.3	8.6	6.5	8.2	7.1	20.0	0.0	8.9	15.3	22.6	9.2	26.0	38.3	55.2	71.6	15.2	35.0	26.8	48.2	55.9	56.8	122.9	123.8	145.6	124.9	137.8	144.3	124.4	130.4	163.1	156.1	144.9	136.1	107.1	114.6	118.2	110.3	126.9	136.3	129.3	116.4	104.9	106.8	111.4	110.6	73.2	95.3	60.1	58.4	67.1	27.2	28.8	26.6	26.8	31.7	23.3	22.7	50.0	37.9	49.6	72.5	61.1	53.9	83.3	43.0	112.0	111.8	107.7	87.1	63.4	108.5	110.0	85.8	58.1	115.7	75.1	75.7	55.0	62.7	112.1	115.4	114.3	103.7	91.0	89.5	102.3	96.4	172.8	193.8	197.2	187.7	165.4	162.2
14.7	14.6	18.5	11.9	26.9	15.1	14.5	15.7	5.7	8.8	0.0	6.6	16.7	13.8	32.3	44.5	61.5	77.9	23.8	43.5	35.4	43.7	51.4	52.3	118.4	119.3	141.1	120.4	133.3	139.8	119.8	125.8	158.6	151.5	140.4	131.6	102.6	110.1	113.7	105.8	122.4	131.7	124.8	111.9	100.4	102.3	106.9	106.1	68.7	90.8	55.6	53.9	62.6	22.9	24.6	22.4	22.6	27.5	19.1	25.9	58.5	41.1	45.4	68.2	56.9	49.6	79.1	38.8	120.6	120.3	96.8	95.7	72.0	117.0	118.6	94.3	66.7	124.3	81.4	82.0	61.2	68.9	118.3	121.6	120.5	110.0	97.3	95.7	108.5	102.6	168.3	189.3	192.7	183.2	160.9	157.7
20.2	20.2	22.3	17.5	30.7	20.6	20.0	22.3	6.2	14.3	5.7	0.0	18.6	19.7	36.1	48.3	65.3	81.7	31.8	51.6	43.4	44.4	52.0	53.0	119.1	119.9	141.8	121.1	134.0	140.5	120.5	126.5	159.2	152.2	141.1	132.3	103.2	110.8	114.4	106.5	123.0	132.4	125.5	112.6	101.1	103.0	107.5	68.7	69.3	91.5	56.2	54.6	63.3	23.5	25.2	23.0	23.2	28.1	19.6	26.5	52.9	41.7	46.0	68.8	57.5	50.2	79.7	39.4	128.6	128.4	97.4	103.7	80.0	125.1	126.7	102.4	74.7	132.3	85.2	85.8	65.0	72.7	122.2	125.4	124.3	113.8	79.8	99.6	112.3	106.5	169.0	190.0	193.4	183.8	161.6	158.3
27.9	28.6	24.7	25.9	33.1	29.0	26.2	29.7	23.2	22.6	18.0	18.3	0.0	22.1	38.4	50.7	67.6	84.0	37.8	57.5	49.4	23.6	31.3	32.3	105.0	105.9	127.7	107.0	119.9	126.4	106.4	112.4	145.2	138.1	127.0	118.2	89.1	96.7	100.3	92.4	109.0	118.3	111.4	98.5	87.0	88.9	93.5	92.7	55.2	77.4	42.2	40.5	49.2	56.1	49.1	55.5	55.8	60.6	52.2	47.6	72.5	62.8	78.6	101.4	90.1	82.8	112.3	72.0	134.6	134.3	130.2	109.6	85.9	131.0	132.6	108.3	80.7	138.3	87.5	88.2	67.4	75.1	124.5	127.8	126.7	116.1	59.0	101.9	114.7	108.8	154.9	175.9	179.3	169.7	147.5	144.2
6.6	11.0	4.2	8.3	12.6	11.4	6.4	12.1	31.3	10.8	17.1	20.4	22.8	0.0	17.9	30.2	47.2	63.5	18.7	38.4	30.3	48.4	56.0	57.0	123.1	123.9	145.8	125.0	138.0	144.5	124.5	130.5	163.2	156.2	145.0	136.3	107.2	114.8	118.3	110.5	127.0	136.4	129.5	116.6	105.1	106.9	111.5	110.7	73.3	95.5	60.2	58.5	67.2	38.5	31.5	37.9	38.2	43.0	34.6	30.0	53.4	45.2	61.0	83.8	72.5	65.2	94.7	54.4	115.5	115.2	111.1	90.6	66.9	111.9	113.5	89.2	61.6	119.2	67.1	67.7	46.9	54.6	104.0	107.3	106.2	95.7	83.0	81.4	94.2	88.3	173.0	193.9	197.3	187.8	165.5	162.3
17.1	17.7	18.6	22.7	17.2	24.9	17.2	26.5	42.4	25.2	31.5	34.8	37.2	16.9	0.0	16.0	32.8	44.7	23.3	43.1	34.9	62.7	70.4	71.4	137.5	138.3	160.2	139.4	152.4	158.8	138.9	144.9	177.6	170.6	159.4	150.7	121.6	129.2	132.7	124.8	141.4	150.8	143.9	131.0	119.5	121.3	125.9	125.1	87.7	109.9	74.6	72.9	81.6	49.5	51.2	49.0	49.2	54.1	45.7	44.4	58.0	58.5	72.0	94.8	83.5	76.2	105.7	65.4	120.1	119.8	115.8	95.2	71.5	116.5	118.1	93.8	66.2	123.8	52.8	53.5	32.7	40.4	89.8	93.1	92.0	81.5	68.8	67.2	80.0	74.1	187.3	208.3	211.7	202.2	179.9	176.7
30.3	30.9	31.8	35.9	30.4	38.1	30.4	39.7	55.6	38.4	44.7	48.0	50.4	30.1	16.3	0.0	54.0	42.1	36.5	56.3	48.1	34.3	40.9	41.9	150.7	151.5	173.4	152.6	165.6	172.1	152.1	158.1	190.8	183.8	172.6	163.9	134.8	142.4	145.9	138.1	154.6	164.0	157.1	144.2	132.7	134.5	139.1	138.3	100.9	123.1	87.8	86.1	94.9	62.8	64.4	62.2	62.4	67.3	58.9	56.6	71.2	71.8	85.2	108.1	96.7	89.4	118.9	78.6	133.3	133.1	129.0	108.4	84.7	129.8	131.3	107.1	79.4	137.0	38.9	39.6	18.8	26.5	75.9	79.2	78.1	67.6	54.9	53.3	66.1	60.2	200.6	221.5	224.9	215.4	193.2	189.9
42.8	43.4	49.3	53.4	43.5	51.2	42.9	53.2	68.6	55.9	62.2	65.6	67.9	47.6	32.8	54.1	0.0	16.5	49.6	55.0	61.2	93.5	101.1	102.1	168.2	169.0	190.9	170.2	183.1	189.6	169.6	175.6	208.3	201.3	190.1	181.4	152.3	159.9	163.5	155.6	172.1	181.5	174.6	161.7	150.2	152.1	156.6	155.9	118.4	140.6	105.3	103.7	112.4	75.8	77.5	75.2	75.5	80.3	71.9	69.7	84.3	84.8	98.3	121.1	109.8	102.5	132.0	91.7	112.3	112.1	149.7	87.4	79.6	108.8	110.3	86.1	53.4	116.0	56.5	57.8	70.7	78.5	127.9	131.2	130.1	119.5	106.8	105.3	77.9	63.5	218.1	239.1	242.4	232.9	210.7	207.4
59.2	59.8	65.7	69.8	59.9	67.6	59.3	69.6	85.1	72.3	78.6	82.0	84.3	64.1	45.3	42.1	16.6	0.0	66.0	71.4	77.6	79.8	86.4	87.4	184.6	185.4	207.3	186.6	199.5	206.0	186.0	192.0	224.7	217.7	206.6	197.8	168.7	176.3	179.9	172.0	188.5	197.9	191.0	178.1	166.6	168.5	173.0	172.3	134.8	157.0	121.7	120.1	128.8	92.2	93.9	91.7	91.9	96.8	88.3	86.1	100.7	101.2	114.7	137.5	126.2	118.9	148.4	108.1	128.7	128.5	166.1	103.8	96.0	125.2	126.7	102.5	69.9	132.4	45.5	46.8	43.3	51.0	91.2	94.5	93.4	82.8	79.4	63.2	61.8	47.4	234.5	255.5	258.9	249.3	227.1	223.8
9.3	8.8	19.1	13.2	10.3	9.9	9.5	11.9	27.4	15.9	24.8	32.7	38.4	19.5	24.8	37.1	54.0	70.4	0.0	15.3	15.4	64.0	71.6	72.6	138.7	139.6	161.4	140.7	153.6	160.1	140.1	146.1	178.9	171.8	160.7	151.9	122.8	130.4	134.0	126.1	142.7	152.0	145.1	132.2	120.7	122.6	127.2	126.4	88.9	111.1	75.9	74.2	82.9	34.5	36.2	34.0	34.2	39.1	30.7	28.4	38.5	43.5	57.0	79.8	68.5	61.2	90.7	50.4	100.6	100.3	96.2	75.6	51.9	97.0	98.6	74.3	46.7	104.3	73.9	74.5	53.7	61.5	110.9	114.2	113.1	102.5	89.8	88.3	101.0	95.2	188.6	209.6	213.0	203.4	181.2	177.9
23.1	30.0	29.1	32.9	30.0	29.6	23.2	31.6	47.1	35.6	44.5	52.4	47.6	27.4	32.7	45.0	56.3	72.7	15.2	0.0	9.2	73.2	80.9	81.9	147.9	148.8	170.7	149.9	162.9	169.3	149.4	155.4	188.1	181.1	169.9	161.2	132.1	139.6	143.2	135.3	151.9	161.3	154.4	141.4	130.0	131.8	136.4	135.6	98.2	120.3	85.1	83.4	92.1	54.3	55.9	53.7	53.9	58.8	50.4	48.1	32.5	63.3	76.7	99.6	88.2	80.9	110.4	70.1	95.5	95.3	91.2	70.6	46.9	92.0	93.5	69.3	41.6	99.2	81.8	82.4	61.6	69.3	118.8	122.0	121.0	110.4	97.7	96.2	108.9	103.1	197.8	218.8	222.2	212.7	190.4	187.2
22.7	22.1	31.0	25.0	22.1	21.8	22.8	23.7	39.2	27.7	36.6	44.5	50.3	31.4	36.6	48.9	65.9	82.2	16.3	9.4	0.0	75.9	83.5	84.5	150.6	151.4	173.3	152.5	165.5	171.9	152.0	158.0	190.7	183.7	172.5	163.8	134.7	142.3	145.8	138.0	154.5	163.9	157.0	144.1	132.6	134.4	139.0	138.2	100.8	123.0	87.7	86.0	94.7	46.4	48.0	45.8	46.0	50.9	42.5	40.2	24.7	55.4	68.8	91.7	80.4	73.1	102.5	62.2	87.6	87.4	80.5	62.7	36.2	84.1	85.7	61.4	33.7	91.4	85.7	86.4	65.6	73.3	122.7	126.0	124.9	114.3	101.7	100.1	112.9	107.0	200.5	221.4	224.8	215.3	193.0	189.8
54.1	54.8	50.9	52.1	59.3	55.2	52.4	55.9	49.4	48.8	44.2	44.8	23.6	48.3	64.6	76.9	93.9	110.2	64.0	83.7	75.6	0.0	8.4	9.4	101.1	101.9	123.8	103.1	116.0	122.5	102.5	108.5	141.2	134.2	123.0	114.3	85.2	92.8	96.4	88.5	105.0	114.4	107.5	94.6	83.1	85.0	89.5	88.8	51.3	73.5	38.2	36.6	45.3	82.3	75.3	81.7	82.0	86.8	78.4	73.8	98.7	89.0	104.8	127.6	116.3	109.0	138.5	98.2	160.8	160.5	156.4	135.8	112.1	157.2	158.8	134.5	106.9	164.5	57.5	58.1	39.6	35.6	66.0	71.5	77.7	53.9	35.4	61.2	84.6	87.9	151.0	172.0	175.3	165.8	143.6	140.3
60.9	61.7	57.7	58.9	66.1	62.1	59.3	62.7	56.3	55.7	51.1	51.6	30.4	55.1	71.5	83.7	100.7	117.1	70.8	90.6	82.4	8.9	0.0	2.2	89.8	90.6	112.5	91.7	104.7	111.2	91.2	97.2	129.9	122.9	111.7	103.0	73.9	81.5	85.1	77.2	93.7	103.1	96.2	84.4	72.9	74.8	79.3	80.5	32.5	52.0	26.4	25.2	37.0	89.1	82.1	88.6	88.8	93.7	85.3	80.7	105.5	95.8	111.6	134.4	123.1	115.8	145.3	105.0	167.6	167.3	163.3	142.7	119.0	164.0	165.6	141.3	113.7	171.3	74.8	73.7	43.9	39.9	63.4	68.8	75.1	51.3	32.8	58.5	100.2	105.2	139.7	160.6	164.0	154.5	132.3	129.0
62.6	63.3	59.4	60.6	67.8	63.8	61.0	64.4	57.9	57.3	52.7	53.3	32.1	56.8	73.1	85.4	102.4	118.7	72.5	92.2	84.1	10.6	1.8	0.0	87.6	88.5	110.3	89.6	102.5	109.0	89.0	95.0	127.8	120.7	109.6	100.8	71.8	79.3	82.9	75.0	91.6	101.0	94.0	82.2	70.7	72.6	77.2	78.4	37.9	60.0	24.3	23.1	34.9	90.8	83.8	90.3	90.5	95.4	86.9	82.3	107.2	97.5	113.3	136.1	124.8	117.5	147.0	106.7	169.3	169.0	165.0	144.4	120.7	165.7	167.3	143.0	115.4	173.0	76.5	75.4	45.6	41.6	65.1	70.5	76.8	52.9	34.5	60.2	101.9	106.9	137.5	158.5	161.9	152.4	130.1	126.9
128.1	128.8	124.9	126.1	133.3	129.2	126.4	129.9	123.4	122.8	118.2	118.8	104.9	122.3	138.6	150.9	167.9	184.2	138.0	157.7	149.6	101.0	89.5	87.8	0.0	5.9	26.2	2.7	20.9	27.3	9.8	30.4	63.1	56.1	45.0	36.2	20.9	37.7	28.3	17.2	7.3	16.7	9.8	51.7	63.5	72.2	76.1	121.7	56.4	49.9	64.0	70.9	83.9	156.3	149.3	155.7	156.0	160.8	152.4	147.8	172.7	163.0	178.8	201.6	190.3	183.0	212.5	172.2	234.8	234.5	230.4	209.8	186.1	231.2	232.8	208.5	180.9	238.5	187.7	188.4	167.6	108.3	94.2	92.8	101.0	98.5	87.6	115.1	214.9	209.0	55.8	76.8	80.2	70.7	48.4	45.2
128.5	129.3	125.4	126.5	133.7	129.7	126.9	130.4	123.9	123.3	118.7	119.3	105.4	122.7	139.1	151.4	168.3	184.7	138.4	158.2	150.0	101.5	90.0	88.2	6.4	0.0	29.9	6.8	25.3	31.8	13.4	28.7	67.5	54.4	43.3	34.5	17.5	38.2	26.6	17.7	3.3	12.7	5.8	47.7	59.5	68.2	72.1	99.6	56.9	50.4	64.4	71.4	84.4	156.8	149.7	156.2	156.4	161.3	152.9	148.3	173.2	163.4	179.2	202.1	190.8	183.5	212.9	172.6	235.2	235.0	230.9	210.3	186.6	231.7	233.3	209.0	181.3	238.9	188.2	188.8	168.0	108.7	94.6	93.2	101.5	99.0	88.1	115.5	215.3	209.5	60.3	81.3	84.7	75.1	52.9	49.6
151.0	151.7	147.8	149.0	156.2	152.1	149.3	152.8	146.3	145.7	141.1	141.7	127.8	145.2	161.5	173.8	190.8	207.1	160.9	180.6	172.5	123.9	112.4	110.7	27.5	29.7	0.0	26.3	20.3	25.2	33.8	53.3	66.7	58.6	47.4	59.1	43.8	60.6	51.2	40.1	25.2	37.7	30.8	67.6	79.4	88.1	92.0	144.6	79.3	72.8	86.9	93.8	106.8	179.2	172.2	178.6	178.9	183.8	175.3	170.7	195.6	185.9	201.7	224.5	213.2	205.9	235.4	195.1	257.7	257.4	253.3	232.7	209.1	254.1	255.7	231.4	203.8	261.4	210.6	211.3	190.5	131.2	117.1	115.7	123.9	121.4	110.5	138.0	237.8	231.9	41.2	55.1	83.8	74.3	24.5	29.9
129.7	130.4	126.5	127.7	134.9	130.8	128.0	131.5	125.0	124.4	119.8	120.4	106.5	123.9	140.2	152.5	169.4	185.8	139.6	159.3	151.2	102.6	91.1	89.4	2.7	6.7	26.2	0.0	13.3	19.8	9.3	32.0	55.5	57.7	46.5	37.8	22.5	39.3	29.9	18.8	8.2	17.6	10.7	52.6	64.4	73.1	77.0	123.3	58.0	51.5	65.6	72.5	85.5	157.9	150.9	157.3	157.6	162.4	154.0	149.4	174.3	164.6	180.4	203.2	191.9	184.6	214.1	173.8	236.4	236.1	232.0	211.4	187.7	232.8	234.4	210.1	182.5	240.1	189.3	190.0	169.2	109.9	95.8	94.4	102.6	100.1	89.2	116.7	216.5	210.6	48.3	69.2	72.6	63.1	40.9	37.6
142.9	143.6	139.7	140.9	148.1	144.0	141.2	144.7	138.2	137.6	133.0	133.6	119.7	137.1	153.4	165.7	182.7	199.0	152.8	172.5	164.4	115.8	104.3	102.6	19.4	25.0	20.6	21.4	0.0	6.8	14.1	24.4	46.4	38.3	27.1	51.0	35.7	52.5	43.1	32.0	23.5	32.9	26.0	68.0	79.7	103.9	92.3	136.5	71.2	64.7	78.8	85.7	98.7	171.1	164.1	170.5	170.8	175.6	167.2	162.6	187.5	177.8	193.6	216.4	205.1	197.8	227.3	187.0	249.6	249.3	245.2	224.6	200.9	246.0	247.6	223.3	195.7	253.3	202.5	203.2	182.4	123.1	109.0	107.6	115.8	113.3	102.4	129.9	229.7	223.8	39.1	60.1	63.5	54.0	20.1	28.5
149.4	150.2	146.3	147.5	154.6	150.6	147.8	151.3	144.8	144.2	139.6	140.2	126.3	143.7	160.0	172.3	189.2	205.6	159.3	179.1	170.9	122.4	110.9	109.1	25.9	31.5	25.2	27.9	6.8	0.0	20.6	27.7	36.9	40.1	30.3	57.6	42.2	59.1	49.6	38.6	30.1	39.5	32.6	74.5	86.3	110.5	98.9	143.1	77.8	71.3	85.3	92.3	105.3	177.7	170.6	177.1	177.3	182.2	173.8	169.2	194.1	184.3	200.1	223.0	211.7	204.4	233.8	193.5	256.1	255.9	251.8	231.2	207.5	252.6	254.2	229.9	202.2	259.8	209.1	209.7	188.9	129.6	115.5	114.1	122.4	119.9	109.0	136.4	236.2	230.4	33.3	44.2	57.7	48.2	13.3	18.7
129.9	130.7	126.7	127.9	135.1	131.1	128.3	131.8	125.3	124.7	120.1	120.7	106.8	124.1	140.5	152.8	169.7	186.1	139.8	159.6	151.4	102.9	91.4	89.6	9.3	13.4	33.4	11.3	14.2	20.6	0.0	17.0	44.9	38.5	27.4	23.2	22.7	39.6	30.1	19.1	16.5	25.9	19.0	60.9	72.7	91.0	85.3	123.6	58.3	51.8	65.8	72.8	85.8	158.2	151.1	157.6	157.8	162.7	154.3	149.7	174.6	164.8	180.6	203.5	192.1	184.9	214.3	174.0	236.6	236.4	232.3	211.7	188.0	233.1	234.7	210.4	182.7	240.3	189.6	190.2	169.4	110.1	96.0	94.6	102.9	100.4	89.5	116.9	216.7	210.9	49.4	70.4	73.8	64.3	42.0	38.8
136.3	137.1	133.2	134.4	141.5	137.5	134.7	138.2	131.7	131.1	126.5	127.1	113.2	130.6	146.9	159.2	176.1	192.5	146.3	166.0	157.8	109.3	97.8	96.1	29.7	28.5	52.4	31.6	24.5	27.6	17.0	0.0	31.8	23.8	12.6	7.1	22.0	24.2	5.8	18.1	31.6	41.0	34.1	72.9	84.6	97.4	102.0	130.0	64.7	58.2	72.2	79.2	92.2	164.6	157.6	164.0	164.2	169.1	160.7	156.1	181.0	171.3	187.0	209.9	198.6	191.3	220.8	180.5	243.0	242.8	238.7	218.1	194.4	239.5	241.1	216.8	189.2	246.8	196.0	196.6	175.9	116.6	88.8	87.4	95.6	106.8	95.9	123.3	223.2	217.3	48.8	69.8	73.2	63.6	37.8	38.1
169.2	170.9	166.0	167.2	174.4	170.4	167.6	171.0	164.6	164.0	160.3	160.9	146.1	163.4	179.8	193.0	209.9	226.3	179.1	198.9	190.7	143.1	130.7	129.9	61.5	67.1	66.7	63.5	45.8	37.6	44.4	30.8	0.0	9.1	19.1	32.9	62.0	57.3	38.9	51.0	66.3	75.1	68.8	110.8	122.5	131.2	135.8	162.8	97.6	91.1	105.1	112.0	125.1	198.4	191.4	196.9	197.1	202.0	193.6	189.9	213.8	204.1	219.9	242.7	232.4	224.1	254.6	213.3	276.8	276.6	271.6	251.9	227.3	272.3	274.9	249.6	222.0	280.6	228.9	229.5	208.7	149.4	117.6	115.2	123.5	118.7	128.7	157.1	256.0	250.1	28.5	49.5	35.4	22.0	30.7	25.9
162.3	163.1	159.1	160.3	167.5	163.5	160.7	164.1	157.7	157.1	152.5	153.1	139.2	156.5	172.9	185.2	202.1	218.5	172.2	192.0	183.8	135.3	123.8	122.0	55.6	54.5	78.4	57.6	38.4	40.8	38.7	23.9	9.0	0.0	11.3	24.4	55.1	50.4	32.0	44.1	57.6	67.0	60.1	98.9	110.6	123.4	127.9	156.0	90.7	84.2	98.2	105.2	118.2	190.6	183.5	190.0	190.2	195.1	186.7	182.1	207.0	197.2	213.0	235.9	224.5	217.3	246.7	206.4	269.0	268.8	264.7	244.1	220.4	265.5	267.0	242.8	215.1	272.7	222.0	222.6	201.8	142.5	109.8	108.4	116.6	110.8	121.9	149.3	249.1	243.3	36.0	57.0	43.0	30.2	39.0	33.5
151.0	151.8	147.9	149.1	156.2	152.2	149.4	152.9	146.4	145.8	141.2	141.8	127.9	145.3	161.6	173.9	190.8	207.2	161.0	180.7	172.5	124.0	112.5	110.8	44.4	43.3	67.1	46.4	27.2	30.3	27.4	12.6	19.9	11.2	0.0	13.1	43.8	39.2	20.8	32.8	46.4	55.7	48.8	87.6	99.4	112.1	116.7	144.7	79.4	72.9	86.9	93.9	106.9	179.3	172.3	178.7	179.0	183.8	175.4	170.8	195.7	186.0	201.8	224.6	213.3	206.0	235.5	195.2	257.8	257.5	253.4	232.8	209.1	254.2	255.8	231.5	203.9	261.5	210.7	211.4	190.6	131.3	98.5	97.1	105.3	99.6	110.6	138.1	237.9	232.0	50.8	71.8	53.8	41.1	38.1	34.4
142.4	143.2	139.3	140.5	147.6	143.6	140.8	144.3	137.8	137.2	132.6	133.2	119.3	136.7	153.0	165.3	182.2	198.6	152.4	172.1	163.9	115.4	103.9	102.2	35.8	34.7	58.5	37.8	50.7	57.2	23.1	7.1	32.2	24.2	13.0	0.0	35.2	24.9	12.2	24.2	37.8	47.1	40.2	79.0	90.8	103.5	108.1	136.1	70.8	47.1	78.3	85.3	98.3	170.7	163.7	170.1	170.4	175.2	166.8	162.2	187.1	177.4	193.2	216.0	204.7	197.4	226.9	186.6	249.2	248.9	244.8	224.2	200.5	245.6	247.2	222.9	195.3	252.9	202.1	202.8	182.0	122.7	84.6	83.2	91.4	85.7	102.0	129.5	229.3	223.4	55.0	75.9	79.3	69.8	43.9	44.3
111.3	112.1	108.1	109.3	116.5	112.5	109.7	113.1	106.6	106.1	101.5	102.0	88.2	105.5	121.9	134.1	151.1	167.4	121.2	141.0	132.8	84.3	72.8	71.0	20.3	21.1	43.0	22.3	35.2	41.7	21.7	27.7	61.4	53.4	42.3	33.5	0.0	19.7	18.4	7.0	24.2	33.6	26.7	68.6	70.5	72.3	76.9	104.9	39.6	30.8	47.2	54.1	67.2	139.5	132.5	139.0	139.2	144.1	135.7	131.1	155.9	146.2	162.0	184.8	173.5	166.2	195.7	155.4	218.0	217.7	213.7	193.1	169.4	214.4	216.0	191.7	164.1	221.7	171.0	171.6	150.8	91.5	75.1	73.7	81.9	81.8	70.8	98.3	198.1	192.2	70.2	91.2	94.6	85.0	62.8	59.5
119.6	120.4	116.5	117.7	124.8	120.8	118.0	121.5	115.0	114.4	109.8	110.4	96.5	113.9	130.2	142.5	159.4	175.8	129.6	149.3	141.1	92.6	81.1	79.4	37.6	38.4	60.3	39.6	52.5	59.0	39.0	22.3	58.3	50.3	39.1	24.9	20.6	0.0	17.8	19.2	41.5	50.9	44.0	86.0	78.8	80.7	85.3	113.3	48.0	22.6	55.5	62.5	75.5	147.9	140.9	147.3	147.6	152.4	144.0	139.4	164.3	154.6	170.4	193.2	181.9	174.6	204.1	163.8	226.4	226.1	222.0	201.4	177.7	222.8	224.4	200.1	172.5	230.1	112.8	111.6	159.2	93.4	66.9	65.5	73.7	68.0	65.9	96.6	138.2	143.2	87.5	108.5	111.9	102.3	80.1	76.8
123.5	124.2	120.3	121.5	128.7	124.7	121.8	125.3	118.8	118.2	113.6	114.2	100.4	117.7	134.0	146.3	163.3	179.6	133.4	153.1	145.0	96.4	84.9	83.2	28.0	26.9	50.7	30.0	42.9	49.4	29.4	5.8	39.0	31.9	20.8	12.0	18.4	17.7	0.0	13.0	30.0	39.4	32.5	71.2	82.7	84.5	89.1	117.1	51.8	45.3	59.4	66.3	79.3	151.7	144.7	151.1	151.4	156.3	147.8	143.2	168.1	158.4	174.2	197.0	185.7	178.4	207.9	167.6	230.2	229.9	225.8	205.2	181.6	226.6	228.2	203.9	176.3	233.9	183.1	183.8	163.0	103.7	80.8	79.4	87.7	81.9	83.0	110.5	210.3	204.4	77.9	98.9	102.3	92.7	70.5	67.2
115.6	116.4	112.5	113.7	120.8	116.8	114.0	117.5	111.0	110.4	105.8	106.4	92.5	109.9	126.2	138.5	155.4	171.8	125.6	145.3	137.1	88.6	77.1	75.4	16.7	17.6	39.4	18.7	31.6	38.1	18.1	18.7	51.5	44.4	33.3	24.5	7.0	19.2	13.1	0.0	20.7	30.1	23.1	65.1	74.8	76.7	81.3	109.3	44.0	37.5	51.5	58.5	71.5	143.9	136.9	143.3	143.5	148.4	140.0	135.4	160.3	150.6	166.3	189.2	177.9	170.6	200.1	159.7	222.3	222.1	218.0	197.4	173.7	218.8	220.4	196.1	168.4	226.1	175.3	175.9	155.2	95.8	81.8	80.4	88.6	86.1	75.2	102.6	202.5	196.6	66.6	87.6	91.0	81.5	59.2	56.0
131.8	132.5	128.6	129.8	137.0	133.0	130.1	133.6	127.1	126.5	121.9	122.5	108.7	126.0	142.3	154.6	171.6	187.9	141.7	161.4	153.3	104.7	93.2	91.5	7.6	3.4	28.4	7.5	23.8	30.3	16.7	32.0	66.0	57.7	46.5	37.8	20.8	41.4	29.8	21.0	0.0	9.7	2.8	44.7	56.5	65.2	69.1	96.7	60.1	53.6	67.7	74.6	87.6	160.0	153.0	159.5	159.7	164.6	156.1	151.5	176.4	166.7	182.5	205.3	194.0	186.7	216.2	175.9	238.5	238.2	234.1	213.6	189.9	234.9	236.5	212.2	184.6	242.2	191.5	192.1	171.3	112.0	97.9	96.5	104.7	102.3	91.3	118.8	218.6	212.7	58.8	79.8	83.2	73.6	51.4	48.1
141.0	141.7	137.8	139.0	146.2	142.1	139.3	142.8	136.3	135.7	131.1	131.7	117.8	135.2	151.5	163.8	180.7	197.1	150.9	170.6	162.5	113.9	102.4	100.7	16.8	12.6	37.9	17.0	33.3	39.8	25.9	41.2	75.5	66.9	55.7	47.0	30.0	50.6	39.0	30.1	9.7	0.0	7.2	35.1	46.9	55.6	59.5	87.1	69.3	62.8	76.9	83.8	96.8	169.2	162.2	168.6	168.9	173.7	165.3	160.7	185.6	175.9	191.7	214.5	203.2	195.9	178.2	185.1	247.7	247.4	243.3	222.7	199.0	244.1	245.7	221.4	193.8	251.4	200.6	201.3	180.5	121.2	107.1	105.7	113.9	111.4	100.5	128.0	227.8	221.9	68.3	89.3	92.7	83.1	60.9	57.6
134.1	134.9	130.9	132.1	139.3	135.3	132.5	135.9	129.4	128.9	124.3	124.8	111.0	128.3	144.7	156.9	173.9	190.2	144.0	163.8	155.6	107.1	95.6	93.8	10.0	5.7	31.0	10.1	26.4	32.9	19.0	34.3	68.6	60.0	48.8	40.1	23.1	43.7	32.1	23.3	2.8	7.1	0.0	42.1	53.9	62.6	66.5	94.0	62.4	55.9	70.0	76.9	90.0	162.3	155.3	161.8	162.0	166.9	158.4	153.9	178.7	169.0	184.8	207.6	196.3	189.0	218.5	178.2	240.8	240.5	236.5	215.9	192.2	237.2	238.8	214.5	186.9	244.5	193.8	194.4	173.6	114.3	100.2	98.8	107.0	104.6	93.6	121.1	220.9	215.0	61.4	82.4	85.8	76.3	54.0	50.8
121.5	122.2	118.3	119.5	126.7	122.7	119.8	123.3	116.8	116.2	111.6	112.2	98.4	115.7	132.0	144.3	161.3	177.6	131.4	151.1	143.0	94.4	84.0	82.2	51.9	47.7	66.8	52.0	68.4	74.8	60.9	76.2	109.9	101.9	90.7	82.0	65.0	85.6	74.0	65.2	44.7	35.1	42.2	0.0	11.5	20.2	24.1	51.7	69.2	83.3	65.1	59.2	61.0	112.9	115.6	111.6	113.6	175.9	110.2	141.2	166.1	156.4	160.0	182.8	147.2	164.2	142.8	108.8	228.2	227.9	213.6	203.3	179.6	224.6	226.2	201.9	174.3	231.9	181.2	181.8	161.0	168.7	142.1	140.7	148.9	128.2	109.7	195.5	208.3	202.4	103.3	124.3	127.7	118.2	95.9	92.7
110.0	110.8	106.8	108.0	115.2	111.2	108.4	111.8	105.4	104.8	100.2	100.7	86.9	104.2	120.6	132.8	149.8	166.2	119.9	139.7	131.5	83.0	72.5	70.7	63.6	59.4	78.5	63.8	80.1	86.6	72.7	88.0	122.3	113.7	102.5	93.8	71.7	73.7	82.8	74.9	56.5	46.9	53.9	11.5	0.0	8.7	12.6	40.2	57.8	71.9	53.6	47.7	49.5	101.4	104.1	100.2	102.1	164.4	98.7	129.8	154.6	144.9	148.5	171.3	135.7	152.7	131.3	97.4	216.7	216.4	202.1	191.8	168.1	213.1	214.7	190.4	162.8	220.4	169.7	170.3	149.5	157.2	119.4	118.0	126.3	116.7	98.3	184.0	196.8	190.9	115.1	136.1	139.5	129.9	107.7	104.4
111.9	112.6	108.7	109.9	117.1	113.1	110.2	113.7	107.2	106.6	102.0	102.6	88.8	106.1	122.4	134.7	151.7	168.0	121.8	141.5	133.4	84.8	74.4	72.6	72.4	68.1	87.3	72.5	88.8	95.3	81.4	96.8	130.5	122.5	111.4	102.6	73.6	75.6	84.7	76.8	65.2	55.6	62.7	20.2	8.7	0.0	4.6	32.1	59.7	73.7	55.5	49.6	48.5	91.5	94.3	90.3	92.3	99.2	88.9	102.2	156.5	116.6	147.0	169.8	134.3	151.2	129.8	87.5	218.6	218.3	200.6	193.7	170.0	215.0	216.6	192.3	164.7	222.3	171.6	172.2	151.4	159.1	121.3	119.9	128.1	118.6	100.1	185.9	198.7	192.8	123.8	144.8	148.2	138.7	116.4	113.2
116.4	117.2	113.3	114.4	121.6	117.6	114.8	118.3	96.5	111.2	106.6	107.2	93.3	110.6	127.0	139.3	156.2	172.6	126.3	146.1	137.9	89.4	78.9	77.2	76.3	72.1	91.2	76.5	92.8	99.3	85.4	101.4	135.0	127.1	115.9	107.2	78.1	80.1	89.2	81.4	69.2	59.6	66.6	24.2	12.7	4.5	0.0	27.9	64.2	78.3	60.0	54.1	46.1	87.3	90.1	86.1	88.0	95.0	84.7	98.0	125.0	112.4	142.8	165.6	130.0	147.0	125.6	83.3	223.1	222.9	196.4	198.2	174.5	219.6	221.2	196.9	169.2	226.8	176.1	176.7	155.9	163.7	125.9	124.5	132.7	123.1	104.7	190.5	203.2	197.4	127.8	148.8	152.2	142.6	120.4	117.1
115.6	116.4	112.4	113.6	120.8	116.8	114.0	117.5	71.7	110.4	105.8	66.9	92.5	109.8	126.2	138.5	155.4	171.8	125.5	145.3	137.1	88.6	80.3	78.5	121.9	99.7	144.6	123.9	136.8	143.3	123.3	129.3	162.0	155.0	143.8	135.1	106.0	113.6	117.2	109.3	96.7	87.2	94.2	51.7	40.2	32.1	27.9	0.0	72.1	94.3	63.9	54.6	43.1	84.2	87.0	83.0	85.0	112.6	81.6	135.4	160.3	150.5	162.6	185.4	149.9	166.8	145.4	100.9	222.3	222.1	216.2	197.4	173.7	218.8	220.4	196.1	168.4	226.0	175.3	175.9	155.1	162.9	212.3	143.5	214.5	131.1	112.6	189.7	202.4	196.6	171.8	192.8	196.1	186.6	164.4	161.1
79.5	80.3	76.4	77.6	84.7	80.7	77.9	81.4	74.9	74.3	69.7	70.3	56.4	73.8	90.1	102.4	119.3	135.7	89.5	109.2	101.0	38.4	32.2	32.4	56.9	57.8	79.6	58.9	71.8	78.3	58.4	64.4	98.0	90.1	78.9	70.1	41.1	48.6	52.2	44.3	60.9	70.3	63.3	74.3	62.8	64.7	69.3	73.2	0.0	22.3	10.1	22.4	35.4	107.8	100.8	107.2	107.5	112.3	103.9	99.3	124.2	114.5	130.3	153.1	141.8	134.5	164.0	123.7	186.3	186.0	181.9	161.3	137.6	182.7	184.3	160.0	132.4	190.0	82.5	81.4	59.1	51.8	71.1	76.5	82.8	58.9	40.5	66.2	107.9	112.9	106.8	127.8	131.2	121.7	99.4	96.2
100.7	101.5	97.5	98.7	105.9	101.9	99.1	102.5	96.1	95.5	90.9	91.4	77.6	94.9	111.3	123.5	140.5	156.9	110.6	130.4	122.2	73.7	62.2	60.4	50.3	51.2	73.0	52.3	65.2	71.7	51.7	57.7	91.4	83.4	72.3	63.5	30.8	22.6	40.3	37.7	54.3	63.6	56.7	82.5	71.0	72.9	77.4	94.4	21.4	0.0	36.6	43.5	56.6	129.0	121.9	128.4	128.6	133.5	125.1	120.5	145.3	135.6	151.4	174.3	162.9	155.6	185.1	144.8	207.4	207.2	203.1	182.5	158.8	203.9	205.4	181.2	153.5	211.1	97.8	96.7	78.0	70.7	52.0	50.6	58.8	53.0	43.3	81.7	123.2	128.3	100.2	121.2	124.6	115.1	92.8	89.6
66.0	66.8	62.9	64.1	71.2	67.2	64.4	67.9	61.4	60.8	56.2	56.8	42.9	60.2	76.6	88.9	105.8	122.2	75.9	95.7	87.5	39.0	26.6	24.8	63.9	64.8	86.6	65.9	78.8	85.3	65.3	71.3	105.0	97.0	85.9	77.1	48.1	55.6	59.2	51.3	67.9	77.2	70.3	65.0	53.5	55.4	60.0	63.9	9.6	36.3	0.0	8.3	21.9	94.3	87.2	93.7	93.9	98.8	90.4	85.8	110.7	100.9	116.7	139.6	128.3	121.0	150.4	110.1	172.7	172.5	168.4	147.8	124.1	169.2	170.8	146.5	118.8	176.4	125.7	126.3	105.5	113.3	80.1	85.6	91.7	67.9	49.4	75.2	152.8	147.0	113.8	134.8	138.2	128.7	106.4	103.1
63.6	64.3	60.4	61.6	68.8	64.7	61.9	65.4	58.9	58.3	53.7	54.3	40.4	57.8	74.1	86.4	103.4	119.7	73.5	93.2	85.1	36.5	24.8	23.0	71.1	72.0	93.8	73.1	86.0	92.5	72.5	78.5	112.2	104.2	93.1	84.3	55.3	62.8	66.4	58.5	75.1	84.4	77.5	59.1	47.6	49.5	54.1	54.7	21.4	43.5	7.9	0.0	13.5	91.8	84.8	91.2	91.5	96.4	87.9	83.3	108.2	98.5	114.3	137.1	125.8	118.5	148.0	107.7	170.3	170.0	165.9	145.3	121.7	166.7	168.3	144.0	116.4	174.0	123.2	123.9	103.1	110.8	94.1	92.8	162.4	80.3	61.8	137.6	150.4	144.5	121.0	142.0	145.4	135.9	113.6	110.4
72.9	73.7	69.8	71.0	78.1	74.1	71.3	74.8	68.3	67.7	63.1	63.7	49.8	67.2	83.5	95.8	112.7	129.1	82.8	102.6	94.4	45.9	37.6	35.8	84.9	85.7	107.6	86.9	99.8	106.3	86.3	92.3	126.0	118.0	106.8	98.1	69.0	76.6	80.2	72.3	88.8	98.2	91.3	60.3	48.8	47.8	47.0	44.0	35.1	57.3	22.0	14.3	0.0	101.2	94.2	100.6	100.8	105.7	97.3	92.7	117.6	107.8	123.6	146.5	135.2	127.9	157.3	117.0	179.6	179.4	175.3	154.7	131.0	176.1	177.7	153.4	125.7	183.3	132.6	133.2	112.4	120.2	169.6	172.9	171.8	94.1	75.6	147.0	159.7	153.9	134.8	155.8	159.1	149.6	127.4	124.1
33.3	32.4	37.9	31.9	35.9	28.7	33.1	24.2	19.7	27.3	23.4	24.9	57.2	39.8	50.4	62.7	84.2	96.0	33.7	53.5	45.3	82.8	90.4	91.4	157.5	158.3	180.2	159.5	172.4	178.9	158.9	164.9	198.6	190.6	179.4	170.7	141.6	149.2	152.8	144.9	161.4	170.8	163.9	114.0	102.5	91.4	87.2	84.3	107.7	129.9	94.6	93.0	101.7	0.0	4.3	1.4	2.1	5.2	5.6	12.9	39.9	23.1	24.6	47.4	36.1	28.8	58.3	18.0	130.5	130.3	84.5	105.6	81.9	127.0	128.5	104.3	76.6	134.2	99.5	100.2	79.4	87.1	136.5	139.8	138.7	128.1	115.4	113.9	126.7	120.8	207.4	228.4	231.7	222.2	200.0	196.7
25.4	24.5	39.6	33.7	37.6	21.2	25.2	19.7	21.4	29.1	25.2	26.7	58.9	41.5	52.2	64.4	81.4	97.8	35.4	55.2	47.0	84.5	92.2	93.1	159.2	160.1	181.9	161.2	174.1	180.6	160.6	166.6	200.3	192.3	181.2	172.4	143.4	150.9	154.5	146.6	163.2	172.6	165.6	116.9	105.4	94.3	90.1	87.1	109.5	131.6	96.4	94.7	103.4	3.7	0.0	5.0	3.5	7.0	7.4	9.3	36.4	19.5	26.7	49.6	38.3	31.0	60.4	20.1	132.2	132.0	81.0	107.3	50.0	128.7	130.3	106.0	78.3	136.0	101.3	101.9	81.1	88.8	138.3	141.5	140.4	129.9	117.2	115.7	128.4	122.6	209.1	230.1	233.5	224.0	201.7	198.5
32.6	31.7	37.2	31.2	35.2	28.0	32.4	23.5	18.9	26.6	22.7	24.2	56.5	39.1	49.7	62.0	78.9	95.3	33.0	52.7	44.6	82.1	89.7	90.7	156.8	157.6	179.5	158.7	171.7	178.1	158.2	164.2	197.8	189.9	178.7	170.0	140.9	148.5	152.0	144.2	160.7	170.1	163.2	112.8	101.4	90.2	86.1	83.1	107.0	129.2	93.9	92.2	100.9	1.4	4.7	0.0	1.5	5.9	4.9	12.6	39.7	27.0	25.6	48.4	37.1	29.8	59.3	19.0	129.8	129.5	84.3	104.9	81.2	126.2	127.8	103.5	75.9	133.5	98.8	99.4	78.6	86.4	135.8	143.6	138.0	127.4	114.7	113.2	125.9	120.1	206.7	227.6	231.0	221.5	199.2	196.0
32.9	32.0	37.5	31.5	35.5	28.3	32.7	23.8	19.2	26.9	23.0	24.5	56.8	39.4	50.0	62.3	79.2	95.6	33.3	53.0	44.9	82.4	90.0	91.0	157.1	157.9	179.8	159.0	172.0	178.4	158.5	164.5	198.1	190.2	179.0	170.3	141.2	148.8	152.3	144.5	161.0	170.4	163.5	114.1	102.6	91.5	87.3	84.4	107.3	129.5	94.2	92.5	101.2	2.1	3.5	1.5	0.0	6.6	5.2	11.4	38.5	25.8	30.5	53.3	42.0	34.7	64.2	23.9	130.1	129.8	83.0	105.2	52.1	126.5	128.1	103.8	76.2	133.8	99.1	99.7	79.0	86.7	136.1	139.4	138.3	127.7	115.0	113.5	126.3	120.4	207.0	227.9	231.3	221.8	199.5	196.3
40.3	39.4	44.9	38.9	42.9	35.7	40.1	31.2	26.6	34.3	30.4	31.9	64.2	46.8	57.4	69.7	86.6	103.0	40.7	60.4	52.3	89.8	97.4	98.4	164.5	165.3	187.2	166.4	179.4	185.9	165.9	171.9	205.5	197.6	186.4	177.7	148.6	156.2	159.7	151.9	168.4	177.8	170.9	174.9	163.4	99.2	95.0	112.7	114.7	136.9	101.6	99.9	108.7	4.7	7.1	6.0	6.7	0.0	13.9	16.1	43.1	25.9	19.2	42.1	30.7	23.4	52.9	12.6	137.5	137.2	87.7	112.6	88.9	133.9	135.5	111.2	83.6	141.2	106.5	107.1	86.4	94.1	143.5	146.8	145.7	135.1	122.4	120.9	133.7	127.8	214.4	235.3	238.7	229.2	207.0	203.7
30.1	29.3	34.7	28.8	32.7	25.5	30.0	21.0	11.9	24.2	16.7	18.2	54.0	36.6	51.8	59.5	76.5	92.9	30.6	50.3	42.1	79.6	87.3	88.3	154.3	155.2	177.0	156.3	169.2	175.7	155.8	161.8	195.4	187.5	176.3	167.5	138.5	146.0	149.6	141.7	158.3	167.7	160.7	111.3	99.9	88.7	84.6	81.6	104.6	126.7	91.5	89.8	98.5	5.6	7.2	5.0	5.2	10.6	0.0	15.1	42.2	29.5	28.5	51.4	40.0	32.7	62.2	21.9	127.3	127.1	86.8	102.4	78.7	123.8	125.4	101.1	73.4	131.1	96.4	97.0	76.2	83.9	133.4	136.6	135.6	125.0	112.3	110.8	123.5	117.7	204.2	225.2	228.6	219.1	196.8	193.6
23.5	22.6	31.4	25.5	29.5	19.3	23.3	17.8	22.0	22.3	25.8	27.3	50.7	33.3	44.0	56.3	73.2	89.6	27.3	47.0	38.9	76.3	84.0	85.0	151.0	151.9	173.8	153.0	166.0	172.4	152.5	158.5	192.1	184.2	173.0	164.3	135.2	142.7	146.3	138.4	155.0	164.4	157.5	144.5	133.1	102.1	97.9	138.7	101.3	123.4	88.2	86.5	95.2	12.9	9.4	12.7	11.3	16.2	15.2	0.0	28.1	15.1	35.9	58.7	47.4	40.1	69.6	29.3	124.1	123.8	72.6	99.1	41.7	120.5	122.1	97.8	70.2	127.8	93.1	93.7	72.9	80.7	130.1	133.4	132.3	121.7	109.0	107.5	120.2	114.4	200.9	221.9	225.3	215.8	193.5	190.3
45.5	45.0	53.8	47.9	44.9	44.6	45.6	46.6	48.4	50.6	59.5	53.7	73.1	54.2	59.5	71.8	88.7	105.1	39.2	32.5	24.3	98.7	106.3	107.3	173.4	174.2	196.1	175.4	188.3	194.8	174.8	180.8	214.5	206.5	195.4	186.6	157.5	165.1	168.7	160.8	177.3	186.7	179.8	166.9	155.4	157.3	125.0	161.1	123.6	145.8	110.5	108.9	117.6	40.0	36.5	39.8	38.4	43.3	42.3	28.1	0.0	43.3	63.0	57.9	74.5	67.2	96.7	56.4	69.9	69.6	53.9	43.3	13.9	66.3	101.7	77.5	49.8	107.4	108.6	109.2	88.4	96.1	145.6	148.8	147.8	137.2	124.5	123.0	135.7	129.9	223.3	244.3	247.7	238.1	215.9	212.6
38.6	37.8	46.6	40.6	44.6	34.4	38.5	32.9	37.2	37.5	41.0	42.5	65.9	48.5	59.1	71.4	88.3	104.7	42.4	62.2	54.0	91.5	99.1	100.1	166.2	167.0	188.9	168.2	181.1	187.6	167.6	173.6	207.3	199.3	188.1	179.4	150.3	157.9	161.5	153.6	170.1	179.5	172.6	159.7	148.2	116.0	111.8	153.9	116.4	138.6	103.3	101.7	110.4	22.4	19.5	26.6	25.2	25.7	29.1	15.1	43.2	0.0	28.1	33.0	41.8	34.6	64.0	33.6	76.1	77.0	60.2	114.3	46.5	135.7	137.2	113.0	85.3	142.9	108.2	108.9	88.1	95.8	145.2	148.5	147.4	136.8	124.2	122.6	135.4	129.5	216.1	237.1	240.4	230.9	208.7	205.4
55.7	54.8	60.3	54.3	58.3	51.1	55.5	46.6	42.0	49.7	45.8	47.3	79.6	62.2	72.8	85.1	102.0	118.4	56.1	75.8	67.7	105.1	112.8	113.8	179.9	180.7	202.6	181.8	194.8	201.2	181.3	187.3	220.9	213.0	201.8	193.1	164.0	171.5	175.1	167.2	183.8	193.2	186.3	159.2	147.7	146.2	142.0	161.8	130.1	152.3	117.0	115.3	124.0	23.5	25.8	24.8	29.8	18.8	29.3	34.8	61.9	27.4	0.0	24.1	15.0	6.6	37.2	20.5	152.9	152.6	106.5	127.9	104.3	149.3	150.9	126.6	99.0	156.6	121.9	122.5	101.7	109.5	158.9	162.2	161.1	150.5	137.8	136.3	149.0	143.2	229.7	250.7	254.1	244.6	222.3	219.1
78.6	77.7	83.2	77.2	81.2	73.9	78.4	69.5	64.9	72.6	68.7	70.2	102.4	85.1	95.7	108.0	124.9	141.3	79.0	98.7	90.6	128.0	135.7	136.7	202.8	203.6	225.5	204.7	217.7	224.1	204.2	210.2	243.8	235.9	224.7	216.0	186.9	194.4	198.0	190.1	206.7	216.1	209.2	182.1	170.6	169.1	164.9	184.7	153.0	175.2	139.9	138.2	146.9	46.4	48.7	47.7	52.7	41.7	52.2	57.7	57.9	32.9	24.1	0.0	37.9	29.5	60.1	43.4	175.8	175.5	77.0	150.8	63.4	172.2	173.8	149.5	121.9	179.5	144.8	145.4	124.6	132.4	181.8	185.1	184.0	173.4	160.7	159.2	171.9	166.1	252.6	273.6	277.0	267.5	245.2	242.0
67.8	67.0	72.4	66.5	70.4	63.2	67.7	58.7	54.2	61.9	58.0	59.5	91.7	74.3	84.9	101.8	114.2	130.5	68.2	88.0	79.8	117.3	124.9	125.9	192.0	192.8	214.7	194.0	206.9	213.4	193.4	199.4	233.1	225.1	214.0	205.2	176.1	183.7	187.3	179.4	195.9	205.3	198.4	145.6	134.2	132.6	128.5	148.3	142.2	164.4	129.1	127.5	136.2	35.6	38.0	36.9	41.9	30.9	41.4	47.0	74.1	42.5	15.0	37.8	0.0	8.9	22.8	32.7	165.0	164.8	104.2	140.1	116.4	161.5	163.1	138.8	111.1	168.7	134.1	134.7	113.9	121.6	171.0	174.3	173.2	162.7	150.0	153.0	161.2	155.3	241.9	262.9	266.3	256.7	234.5	231.2
60.1	59.2	64.7	58.7	62.7	55.5	59.9	51.0	46.4	54.1	50.2	51.7	84.0	66.6	77.2	89.5	106.4	122.8	60.5	80.2	72.1	109.6	117.2	118.2	184.3	185.1	207.0	186.2	199.2	205.6	185.7	191.7	225.3	217.4	206.2	197.5	168.4	176.0	179.5	171.7	188.2	197.6	190.7	156.8	145.3	143.8	139.6	159.4	134.5	156.7	121.4	119.7	128.4	27.9	30.3	29.2	34.2	23.2	33.7	39.2	66.3	34.0	6.5	29.4	8.9	0.0	31.6	24.9	157.3	157.0	110.9	132.4	108.7	153.7	155.3	131.0	103.4	161.0	126.3	126.9	106.1	113.9	163.3	166.6	165.5	154.9	142.2	140.7	153.4	147.6	234.2	255.1	258.5	249.0	226.7	223.5
89.7	88.8	94.3	88.3	92.3	85.1	89.5	80.6	76.0	83.7	79.8	81.3	113.6	96.2	106.8	119.1	136.0	152.4	90.1	109.8	101.7	139.1	146.8	147.8	213.9	214.7	236.6	215.8	228.8	235.2	215.3	221.3	254.9	247.0	235.8	227.1	198.0	205.6	209.1	201.2	217.8	177.8	220.3	142.4	130.9	129.4	125.2	145.0	164.1	186.3	151.0	149.3	158.0	57.5	59.8	58.8	63.8	52.8	63.3	68.8	95.9	64.4	36.8	59.7	22.8	31.6	0.0	54.5	186.9	186.6	82.6	161.9	138.3	183.3	184.9	160.6	133.0	190.6	155.9	156.5	135.7	143.5	192.9	196.2	195.1	184.5	171.8	170.3	183.0	177.2	263.8	284.7	288.1	278.6	256.3	253.1
49.5	48.6	54.1	48.1	52.1	44.9	49.3	40.4	35.9	43.5	39.6	41.1	73.4	56.0	66.6	78.9	95.8	112.2	49.9	69.7	61.5	99.0	106.6	107.6	173.7	174.5	196.4	175.7	188.6	195.1	175.1	181.1	214.8	206.8	195.6	186.9	157.8	165.4	169.0	161.1	177.6	187.0	180.1	124.1	112.6	89.7	85.6	103.2	123.9	146.1	110.8	109.2	117.9	17.3	19.7	18.6	23.6	12.6	23.1	28.7	55.7	33.1	19.9	42.7	31.4	24.1	53.6	0.0	146.7	146.5	100.3	121.8	98.1	143.2	144.7	120.5	92.8	150.4	115.7	116.4	95.6	103.3	152.7	156.0	154.9	144.3	131.6	130.1	142.9	137.0	223.6	244.6	247.9	238.4	216.2	212.9
107.9	107.3	116.2	110.2	107.3	107.0	108.0	108.9	124.4	112.9	121.8	129.7	135.5	116.6	121.8	134.1	113.0	129.3	101.5	96.6	88.4	161.1	168.7	169.7	235.8	236.6	258.5	237.7	250.7	257.1	237.2	243.2	276.8	268.9	257.7	249.0	219.9	227.5	231.0	223.2	239.7	249.1	242.2	229.3	217.8	219.6	224.2	223.4	186.0	208.2	172.9	171.2	179.9	131.6	133.2	131.0	131.2	136.1	127.7	125.4	70.9	87.4	154.0	176.9	165.6	158.3	187.7	147.4	0.0	2.7	39.0	28.1	64.2	4.4	88.6	64.4	60.2	94.3	170.9	171.6	150.8	158.5	207.9	211.2	210.1	199.5	186.9	185.3	198.1	192.2	285.7	306.6	310.0	300.5	278.2	275.0
105.2	104.7	113.5	107.6	104.7	104.3	105.4	106.3	121.8	110.3	119.2	127.1	132.8	113.9	119.2	131.5	110.3	126.7	98.9	93.9	85.8	158.4	166.0	167.0	233.1	234.0	255.8	235.1	248.0	254.5	234.5	240.5	274.2	266.2	255.1	246.3	217.2	224.8	228.4	220.5	237.1	246.4	239.5	226.6	215.1	217.0	221.6	220.8	183.3	205.5	170.3	168.6	177.3	128.9	130.6	128.4	128.6	133.5	125.1	122.8	68.3	137.9	151.4	174.2	162.9	155.6	185.1	144.8	3.0	0.0	40.0	25.5	61.5	6.4	86.0	61.7	57.6	91.7	168.3	168.9	148.1	155.9	205.3	208.6	207.5	196.9	184.2	182.7	195.4	189.6	283.0	304.0	307.4	297.8	275.6	272.3
103.1	102.6	111.4	105.5	101.8	102.2	103.3	88.8	93.0	108.2	96.8	98.3	130.7	111.8	117.1	129.4	149.6	166.0	96.8	89.4	80.3	156.3	164.0	165.0	231.0	231.9	253.8	233.0	245.9	252.4	232.5	238.5	272.1	264.2	253.0	244.3	215.2	222.7	226.3	218.4	235.0	244.4	237.5	212.9	201.4	199.8	195.7	215.5	181.3	203.4	168.2	166.5	175.2	84.6	81.1	84.4	83.0	87.9	86.8	72.7	53.9	60.2	87.6	77.1	104.1	111.8	82.4	101.0	39.1	40.0	0.0	64.8	44.8	42.4	125.3	101.0	96.9	131.0	166.2	166.8	146.1	153.8	203.2	206.5	205.4	194.8	182.1	180.6	193.4	187.5	280.9	301.9	305.3	295.8	273.5	270.3
82.3	81.8	90.6	84.7	81.8	81.4	82.5	83.4	98.9	87.4	96.3	104.2	109.9	91.0	96.3	108.6	87.4	103.8	76.0	71.0	62.9	135.5	143.2	144.2	210.2	211.1	232.9	212.2	225.1	231.6	211.7	217.7	251.3	243.4	232.2	223.5	194.4	201.9	205.5	197.6	214.2	223.6	216.7	203.7	192.3	194.1	198.7	197.9	160.5	182.6	147.4	145.7	154.4	106.1	107.7	105.5	105.7	110.6	102.2	99.9	43.1	115.1	128.5	151.4	140.0	132.7	162.2	121.9	26.8	26.6	64.2	0.0	36.4	23.3	63.1	38.8	34.7	68.8	145.4	146.0	125.2	133.0	182.4	185.7	184.6	174.0	161.3	159.8	172.6	166.7	260.1	281.1	284.5	275.0	252.7	249.5
58.8	58.3	67.1	61.2	58.3	57.9	59.0	59.9	75.4	63.9	72.8	80.7	86.4	67.5	72.8	85.1	79.6	96.0	52.5	45.0	36.0	112.0	119.7	120.6	186.7	187.6	209.4	188.7	201.6	208.1	188.2	194.2	227.8	219.9	208.7	199.9	170.9	178.4	182.0	174.1	190.7	200.1	193.1	180.2	168.7	170.6	175.2	174.4	137.0	159.1	123.9	122.2	130.9	82.6	50.1	82.0	52.1	87.1	78.7	41.8	13.9	46.5	105.0	63.4	116.5	109.2	138.7	98.4	62.9	62.7	44.8	36.4	0.0	59.4	101.2	76.9	41.7	106.9	121.9	122.5	101.7	109.5	158.9	162.2	161.1	150.5	137.8	136.3	149.0	143.2	236.6	257.6	261.0	251.5	229.2	226.0
104.0	103.5	112.3	106.4	103.5	103.1	104.2	105.1	120.6	109.1	118.0	125.9	131.6	112.7	118.0	130.3	109.1	125.5	97.7	92.8	84.6	157.2	164.9	165.9	231.9	232.8	254.7	233.9	246.9	253.3	233.4	239.4	273.0	265.1	253.9	245.2	216.1	223.6	227.2	219.3	235.9	245.3	238.4	225.4	214.0	215.8	220.4	219.6	182.2	204.3	169.1	167.4	176.1	127.8	129.4	127.2	127.4	132.3	123.9	121.6	67.1	136.8	150.2	173.1	161.7	154.5	183.9	143.6	4.6	6.2	42.5	24.3	60.4	0.0	84.8	60.6	56.4	90.5	167.1	167.7	147.0	154.7	204.1	207.4	206.3	195.7	183.0	181.5	194.3	188.4	281.8	302.8	306.2	296.7	274.4	271.2
106.0	105.5	114.3	108.4	105.5	105.1	106.2	107.1	122.6	111.1	120.0	127.9	133.6	114.7	120.0	132.3	111.1	127.5	99.7	94.7	86.6	159.2	166.9	167.9	233.9	234.8	256.6	235.9	248.8	255.3	235.4	241.4	275.0	267.1	255.9	247.1	218.1	225.6	229.2	221.3	237.9	247.3	240.4	227.4	216.0	217.8	222.4	221.6	184.2	206.3	171.1	169.4	178.1	129.8	131.4	129.2	129.4	134.3	125.9	123.6	102.8	138.8	152.2	175.1	163.7	156.4	185.9	145.6	89.8	89.5	127.2	64.9	102.5	86.2	0.0	44.5	58.4	7.4	169.1	169.7	148.9	156.7	206.1	209.4	208.3	197.7	185.0	183.5	196.2	190.4	283.8	304.8	308.2	298.7	276.4	273.2
81.2	80.7	89.5	83.6	80.7	80.3	81.4	82.3	97.8	86.3	95.2	103.1	108.8	89.9	95.2	107.5	86.3	102.7	74.9	69.9	61.8	134.4	142.1	143.1	209.1	210.0	231.8	211.1	224.0	230.5	210.6	216.6	250.2	242.3	231.1	222.3	193.3	200.8	204.4	196.5	213.1	222.5	215.6	202.6	191.2	193.0	197.6	196.8	159.4	181.5	146.3	144.6	153.3	105.0	106.6	104.4	104.6	109.5	101.1	98.8	78.0	114.0	127.4	150.3	138.9	131.6	161.1	120.8	65.0	64.7	102.4	40.1	77.7	61.4	42.4	0.0	33.6	48.1	144.3	144.9	124.1	131.9	181.3	184.6	183.5	172.9	160.2	158.7	171.4	165.6	259.0	280.0	283.4	273.9	251.6	248.4
53.8	53.2	62.1	56.2	53.2	52.9	53.9	54.9	70.3	58.9	67.8	75.6	81.4	62.5	67.8	80.0	53.3	69.7	47.5	42.5	34.3	107.0	114.6	115.6	181.7	182.5	204.4	183.7	196.6	203.1	183.1	189.1	222.8	214.8	203.7	194.9	165.8	173.4	177.0	169.1	185.6	195.0	188.1	175.2	163.7	165.6	170.1	169.4	131.9	154.1	118.8	117.2	125.9	77.5	79.2	76.9	77.2	82.1	73.6	71.4	50.6	86.5	100.0	122.8	111.5	104.2	133.7	93.4	59.1	58.8	96.5	34.1	41.9	55.5	57.1	32.8	0.0	62.8	116.9	117.5	96.7	104.4	153.9	157.1	156.0	145.5	132.8	131.3	144.0	138.2	231.6	252.6	256.0	246.4	224.2	220.9
110.8	110.3	119.1	113.2	110.2	109.9	111.0	111.9	127.4	115.9	124.8	132.6	138.4	119.5	124.8	137.1	115.9	132.3	104.5	99.5	91.3	164.0	171.6	172.6	238.7	239.5	261.4	240.7	253.6	260.1	240.1	246.1	279.8	271.8	260.7	251.9	222.8	230.4	234.0	226.1	242.6	252.0	245.1	232.2	220.7	222.6	227.2	226.4	188.9	211.1	175.8	174.2	182.9	134.5	136.2	134.0	134.2	139.1	130.6	128.4	107.6	143.5	157.0	179.8	168.5	161.2	190.7	150.4	94.6	94.3	132.0	69.6	107.2	91.0	8.5	49.2	63.2	0.0	173.9	174.5	153.7	161.4	210.9	214.1	213.1	202.5	189.8	188.3	201.0	195.2	288.6	309.6	313.0	303.4	281.2	277.9
68.0	68.6	69.5	73.6	68.1	75.8	68.1	77.4	93.3	76.1	82.4	85.7	88.0	67.8	54.0	38.6	56.5	45.5	74.2	93.9	85.8	67.6	74.3	75.2	188.3	189.2	211.1	190.3	203.3	209.7	189.8	195.8	229.4	221.5	210.3	201.6	172.5	111.1	183.6	175.7	192.3	201.7	194.8	181.9	170.4	172.2	176.8	176.0	82.8	96.7	125.5	123.8	132.5	100.4	102.1	99.9	100.1	105.0	96.5	94.3	108.9	109.4	122.9	145.7	134.4	127.1	156.6	116.3	171.0	170.7	166.7	146.1	122.4	167.4	169.0	144.7	117.1	174.7	0.0	1.8	21.9	26.9	46.5	49.7	48.7	38.1	44.8	18.2	29.1	31.3	238.2	259.2	262.6	253.1	230.8	227.6
68.5	69.1	70.0	74.1	68.6	76.3	68.6	77.9	93.8	76.6	82.9	86.2	88.6	68.3	54.5	39.1	57.8	46.8	74.7	94.5	86.3	68.1	74.8	75.8	188.9	189.7	211.6	190.8	203.8	210.2	190.3	196.3	229.9	222.0	210.8	202.1	173.0	110.0	184.1	176.3	192.8	202.2	195.3	182.4	170.9	172.7	177.3	176.5	81.7	95.6	126.0	124.3	133.0	100.9	102.6	100.4	100.6	105.5	97.1	94.8	109.4	110.0	123.4	146.2	134.9	127.6	157.1	116.8	171.5	171.3	167.2	146.6	122.9	168.0	169.5	145.3	117.6	175.2	1.8	0.0	22.4	27.4	45.3	48.6	47.5	37.0	43.7	22.7	28.2	32.3	238.8	259.7	263.1	253.6	231.3	228.1
47.4	48.0	48.9	53.0	47.5	55.2	47.5	56.8	72.6	55.5	61.8	65.1	67.4	47.2	33.4	18.0	71.0	43.2	53.6	73.3	65.2	44.0	50.6	51.6	167.7	168.6	190.5	169.7	182.6	189.1	169.2	175.2	208.8	200.9	189.7	181.0	151.9	159.4	163.0	155.1	171.7	181.1	174.2	161.2	149.8	151.6	156.2	155.4	118.0	78.1	104.9	103.2	111.9	79.8	81.5	79.2	79.5	84.4	75.9	73.7	88.3	88.8	102.3	125.1	113.8	106.5	136.0	95.7	150.4	150.1	146.0	125.4	101.8	146.8	148.4	124.1	96.5	154.1	21.9	22.6	0.0	7.9	58.9	62.2	61.1	50.6	36.2	36.3	49.1	51.9	217.6	238.6	242.0	232.5	210.2	207.0
55.1	55.7	56.6	60.7	55.2	62.9	55.2	64.5	80.3	63.2	69.5	72.8	75.1	54.9	41.1	25.7	78.7	50.9	61.3	81.0	72.9	34.8	40.7	41.6	107.9	108.7	130.6	109.8	122.8	129.2	109.3	115.3	148.9	141.0	129.8	121.1	92.0	93.4	103.1	95.2	111.8	121.2	114.3	168.9	157.5	159.3	163.9	163.1	52.4	70.7	112.6	110.9	119.6	87.5	89.2	86.9	87.2	92.1	83.6	81.4	96.0	96.5	110.0	132.8	121.5	114.2	143.7	103.4	158.1	157.8	153.7	133.1	109.5	154.5	156.1	131.8	104.2	161.8	25.6	26.3	7.8	0.0	62.6	65.9	64.8	54.2	28.8	40.0	52.8	56.1	157.8	178.7	182.1	172.6	150.3	147.1
105.4	106.0	106.9	110.9	105.4	113.2	105.4	114.8	130.6	113.5	119.7	123.1	125.4	105.2	91.3	76.0	129.0	92.0	111.6	131.3	123.2	65.7	63.8	64.8	94.2	95.0	116.9	96.2	109.1	115.6	95.6	101.6	115.6	107.7	96.5	82.4	74.7	66.5	79.2	81.6	98.1	107.5	100.6	130.2	118.7	120.6	125.2	213.4	71.4	52.1	79.8	94.3	169.9	137.8	139.5	137.2	137.5	142.3	133.9	131.7	146.3	146.8	160.3	183.1	171.8	164.5	194.0	153.7	208.4	208.1	204.0	183.4	159.7	204.8	206.4	182.1	154.5	212.1	47.4	46.3	59.3	64.3	0.0	6.3	8.4	12.2	31.1	23.4	72.9	77.9	144.1	165.1	168.4	158.9	136.7	133.4
108.8	109.4	110.3	114.4	108.9	116.6	108.9	118.2	134.1	116.9	123.2	126.5	128.8	108.6	94.8	79.4	132.5	95.4	115.0	134.7	126.6	71.0	69.2	70.1	92.6	93.5	115.4	94.6	107.6	114.0	94.1	100.1	114.1	106.1	95.0	80.8	73.1	64.9	77.7	80.0	96.6	106.0	99.1	128.7	117.2	119.0	123.6	143.6	70.6	50.5	85.8	92.8	105.8	141.2	142.9	140.7	140.9	145.8	137.3	135.1	149.7	150.2	163.7	186.5	175.2	167.9	197.4	157.1	211.8	211.5	207.5	186.9	163.2	208.2	209.8	185.5	157.9	215.5	50.9	49.8	62.7	67.7	6.3	0.0	11.8	17.6	36.5	34.8	76.3	81.3	142.5	163.5	166.9	157.4	135.1	131.9
110.9	111.5	112.4	116.5	111.0	118.7	111.0	120.3	136.1	119.0	125.3	128.6	130.9	110.7	96.9	81.5	134.5	97.5	117.1	136.8	128.7	79.7	77.9	78.8	104.9	105.8	127.7	106.9	119.9	126.3	106.4	112.4	126.4	118.4	107.3	93.1	85.4	77.2	90.0	92.3	108.9	118.3	111.4	141.0	129.5	131.3	135.9	218.9	85.4	62.8	93.8	166.7	175.4	143.3	145.0	142.7	143.0	147.9	139.4	137.2	151.8	152.3	165.8	188.6	177.3	170.0	199.5	159.2	213.9	213.6	209.5	188.9	165.3	210.3	211.9	187.6	160.0	217.6	53.0	51.8	64.8	69.8	12.6	15.8	0.0	26.9	45.2	36.8	78.4	83.4	154.8	175.8	179.2	169.7	147.4	144.2
96.1	96.7	97.6	101.7	96.2	103.9	96.2	105.5	121.4	104.2	110.5	113.8	116.2	95.9	82.1	66.7	119.8	82.8	102.3	122.1	113.9	53.5	51.6	52.6	98.2	99.0	120.9	100.2	113.1	119.6	99.6	105.6	139.3	131.3	120.1	82.1	82.3	66.2	93.5	85.6	102.1	111.5	104.6	132.0	120.5	122.4	127.0	130.9	59.2	51.8	67.6	80.1	93.1	128.6	130.2	128.0	128.2	133.1	124.7	122.4	148.3	137.6	151.0	173.9	162.5	155.2	184.7	144.4	199.1	198.9	194.8	174.2	150.5	195.6	197.1	172.9	145.2	202.8	38.2	37.1	50.0	55.0	12.2	17.6	23.4	0.0	18.9	22.1	63.6	68.6	148.1	169.1	172.4	162.9	140.7	137.4
83.4	84.0	84.9	88.9	83.4	91.2	83.4	92.8	112.0	91.5	97.7	101.1	58.8	83.2	69.3	53.9	107.0	79.2	89.6	109.3	101.2	35.2	33.3	34.3	87.1	87.9	109.8	89.1	102.0	108.5	88.5	94.5	128.2	120.2	109.1	100.3	71.2	65.7	82.4	74.5	91.0	100.4	93.5	113.8	102.3	104.1	108.7	112.6	40.9	43.1	49.3	61.8	74.9	115.8	117.5	115.2	115.5	120.3	111.9	109.7	124.3	124.8	138.3	161.1	149.8	142.5	172.0	131.7	186.4	186.1	182.0	161.4	137.7	182.8	184.4	160.1	132.5	190.1	45.0	43.9	36.1	28.8	31.7	37.1	42.0	19.5	0.0	28.8	70.4	75.4	137.0	158.0	161.4	151.8	129.6	126.3
83.0	83.7	84.6	88.6	83.1	90.9	83.1	92.4	108.3	91.1	97.4	100.8	103.1	82.9	69.0	53.6	106.7	63.2	89.2	109.0	100.8	61.1	59.2	60.2	114.7	115.5	137.4	116.6	129.6	136.0	116.1	122.1	155.7	147.8	136.6	127.9	98.8	95.1	109.9	102.0	118.6	128.0	121.1	196.9	185.4	187.3	191.9	191.1	66.8	80.7	75.2	138.9	147.6	115.5	117.1	114.9	115.1	120.0	111.6	109.3	124.0	124.5	137.9	160.8	149.5	142.2	171.6	131.3	186.0	185.8	181.7	161.1	137.4	182.5	184.1	159.8	132.1	189.8	18.2	24.0	36.9	41.9	30.5	33.7	32.6	22.1	28.8	0.0	40.3	48.0	164.6	185.5	188.9	179.4	157.1	153.9
95.0	95.6	96.5	100.6	95.1	102.8	95.1	104.4	120.3	103.1	109.4	112.8	115.1	94.8	81.0	65.6	78.0	61.2	101.2	121.0	112.8	94.6	101.3	102.3	215.4	216.2	238.1	217.4	230.3	236.8	216.8	222.8	256.5	248.5	237.3	228.6	199.5	136.6	210.7	202.8	219.3	228.7	221.8	208.9	197.4	199.3	203.8	203.1	108.2	122.2	152.5	150.9	159.6	127.5	129.1	126.9	127.1	132.0	123.6	121.3	136.0	136.5	149.9	172.8	161.4	154.2	183.6	143.3	198.0	197.8	193.7	173.1	149.4	194.5	196.1	171.8	144.1	201.7	29.2	29.0	48.9	53.9	71.9	75.1	74.1	63.5	70.2	40.3	0.0	14.5	265.3	286.3	289.6	280.1	257.9	254.6
89.1	89.7	90.6	94.7	89.2	96.9	89.2	98.5	114.3	97.2	103.5	106.8	109.1	88.9	75.1	59.7	63.5	46.7	95.3	115.0	106.9	88.5	95.1	96.1	209.4	210.3	232.2	211.4	224.3	230.8	210.9	216.9	250.5	242.6	231.4	222.7	193.6	144.3	204.7	196.8	213.4	222.8	215.9	202.9	191.5	193.3	197.9	197.1	115.9	129.9	146.6	144.9	153.6	121.5	123.2	120.9	121.2	126.1	117.6	115.4	130.0	130.5	144.0	166.8	155.5	148.2	177.7	137.4	192.1	191.8	187.7	167.1	143.5	188.5	190.1	165.8	138.2	195.8	31.3	32.3	52.0	57.3	79.6	82.9	81.8	71.2	77.9	48.0	14.5	0.0	259.3	280.3	283.7	274.2	251.9	248.7
177.7	178.4	174.5	175.7	182.9	178.9	176.0	179.5	173.0	172.4	167.8	168.4	154.6	171.9	188.2	200.5	217.5	233.8	187.6	207.3	199.2	150.6	139.1	137.4	54.2	59.8	39.6	56.2	38.5	28.4	49.3	48.4	27.8	36.1	51.1	54.6	70.5	87.3	77.9	66.9	58.3	67.7	60.8	102.8	114.5	138.7	127.1	171.3	106.0	99.5	113.6	120.5	133.5	205.9	198.9	205.3	205.6	210.5	202.0	197.4	222.3	212.6	228.4	251.2	239.9	232.6	262.1	221.8	284.4	284.1	280.0	259.4	235.8	280.8	282.4	258.1	230.5	288.1	237.3	238.0	217.2	157.9	143.8	142.4	150.6	148.1	137.2	164.7	264.5	258.6	0.0	21.2	30.3	15.7	16.1	11.7
197.8	198.6	194.7	195.9	203.0	199.0	196.2	199.7	193.2	192.6	188.0	188.6	174.7	192.1	208.4	220.7	237.6	254.0	207.7	227.5	219.3	170.8	159.3	157.6	74.4	80.0	55.4	76.3	58.6	44.2	69.5	68.6	47.9	56.3	71.3	74.8	90.6	107.5	98.0	87.0	78.5	87.9	81.0	122.9	134.7	158.9	147.3	191.5	126.2	119.7	133.7	140.7	153.7	226.1	219.1	225.5	225.7	230.6	222.2	217.6	242.5	232.7	248.5	271.4	260.1	252.8	282.3	241.9	304.5	304.3	300.2	279.6	255.9	301.0	302.6	278.3	250.6	308.3	257.5	258.1	237.4	178.0	164.0	162.6	170.8	168.3	157.4	184.8	284.7	278.8	21.1	0.0	50.0	35.4	31.8	30.3
202.2	203.0	199.1	200.3	207.4	203.4	200.6	204.1	197.6	197.0	192.4	193.0	179.1	196.5	212.8	225.1	242.0	258.4	212.1	231.9	223.7	175.2	163.7	161.9	78.7	84.4	83.3	80.7	63.0	57.8	73.9	73.0	34.7	43.1	53.8	79.2	95.0	111.9	102.4	91.4	82.9	92.3	85.4	127.3	139.1	163.3	151.7	195.9	130.6	124.1	138.1	145.1	158.1	230.5	223.5	229.9	230.1	235.0	226.6	222.0	246.9	237.1	252.9	275.8	264.5	257.2	286.6	246.3	308.9	308.7	304.6	284.0	260.3	305.4	307.0	282.7	255.0	312.7	261.9	262.5	241.7	182.4	168.3	166.9	175.2	172.7	161.8	189.2	289.0	283.2	29.7	49.6	0.0	15.1	48.5	43.0
193.1	193.9	190.0	191.2	198.3	194.3	191.5	195.0	188.5	187.9	183.3	183.9	170.0	187.4	203.7	216.0	232.9	249.3	203.1	222.8	214.6	166.1	154.6	152.9	69.7	75.3	74.2	71.6	54.0	48.7	64.8	63.9	22.0	30.3	41.0	51.4	85.9	102.8	93.3	82.3	73.8	83.2	76.3	118.2	130.0	154.2	142.6	186.8	121.5	115.0	129.0	136.0	149.0	221.4	214.4	220.8	221.1	225.9	217.5	212.9	237.8	228.1	243.9	266.7	255.4	248.1	277.6	237.3	299.8	299.6	295.5	274.9	251.2	296.3	297.9	273.6	246.0	303.6	252.8	253.4	232.7	173.4	159.3	157.9	166.1	163.6	152.7	180.2	280.0	274.1	15.5	35.4	15.0	0.0	39.4	34.0
170.1	170.9	167.0	168.2	175.3	171.3	168.5	172.0	165.5	164.9	160.3	160.9	147.0	164.4	180.7	193.0	209.9	226.3	180.0	199.8	191.6	143.1	131.6	129.9	46.7	52.3	24.5	48.6	20.2	13.3	34.0	37.8	30.7	38.9	38.1	44.0	62.9	79.8	70.3	59.3	50.8	60.2	53.3	95.2	107.0	131.2	119.6	163.8	98.5	92.0	106.0	113.0	126.0	198.4	191.4	197.8	198.0	202.9	194.5	189.9	214.8	205.0	220.8	243.7	232.4	225.1	254.6	214.2	276.8	276.6	272.5	251.9	228.2	273.3	274.9	250.6	222.9	280.6	229.8	230.4	209.7	150.3	136.3	134.9	143.1	140.6	129.7	157.1	257.0	251.1	16.0	31.8	49.0	39.5	0.0	5.7
166.9	167.7	163.7	164.9	172.1	168.1	165.3	168.7	162.3	161.7	157.1	157.6	143.8	161.1	177.5	189.7	206.7	223.1	176.8	196.6	188.4	139.9	128.4	126.6	43.4	49.0	29.8	45.4	27.7	18.6	38.5	37.6	25.3	33.6	34.4	43.9	59.7	76.5	67.1	56.1	47.6	57.0	50.1	92.0	103.8	127.9	116.4	160.6	95.3	88.8	102.8	109.7	122.8	195.2	188.1	194.6	194.8	199.7	191.3	186.7	211.5	201.8	217.6	240.4	229.1	221.8	251.3	211.0	273.6	273.4	269.3	248.7	225.0	270.1	271.6	247.4	219.7	277.3	226.6	227.2	206.4	147.1	133.0	131.6	139.8	137.4	126.5	153.9	253.7	247.9	11.9	30.3	43.5	34.0	5.6	0.0
