0.0	5.6	6.8	10.0	7.1	14.6	2.9	14.7	29.0	16.2	22.6	29.2	26.8	15.0	20.5	26.6	46.6	63.2	16.9	34.5	24.2	47.2	59.6	60.3	82.0	87.2	98.1	83.9	90.1	96.7	85.9	85.7	115.7	110.4	97.9	88.5	73.2	83.1	81.9	74.7	91.6	100.6	93.6	111.0	99.7	102.2	109.8	125.3	56.4	75.1	48.1	46.4	57.5	33.6	35.0	32.3	32.0	33.9	28.1	37.2	51.3	54.9	42.2	66.6	52.9	45.8	69.3	39.7	74.6	77.3	106.6	58.9	59.6	70.8	69.6	56.4	42.1	74.2	51.3	50.3	36.0	44.1	67.4	70.0	64.9	66.1	74.4	56.2	79.3	82.1	112.5	131.3	125.5	118.8	110.8	107.6
5.6	0.0	9.1	6.3	8.3	10.8	2.9	10.9	25.2	12.5	22.3	28.9	26.1	16.3	23.8	29.8	49.8	66.5	16.8	34.4	24.0	46.5	58.9	59.6	81.3	86.5	97.4	83.2	89.4	96.0	85.2	85.0	115.0	109.7	97.2	87.8	72.5	82.4	81.2	74.0	90.9	99.9	92.9	110.3	99.0	101.5	109.1	124.6	55.7	74.4	47.4	45.7	56.9	29.8	31.2	28.5	28.1	30.0	24.3	33.4	51.1	51.1	38.3	62.8	49.0	41.9	65.5	35.9	74.5	77.1	106.4	58.7	59.4	70.6	69.4	56.2	41.9	74.0	54.5	53.5	39.3	47.3	70.6	73.2	68.2	69.3	77.6	59.5	82.5	85.3	111.8	130.6	124.8	118.1	110.1	106.9
6.1	9.1	0.0	10.1	11.9	14.6	7.3	14.4	28.4	15.6	22.1	26.8	22.9	10.3	18.5	24.5	46.4	63.0	19.4	37.0	26.7	43.3	55.7	56.4	78.1	83.3	94.2	80.0	86.2	92.8	82.0	81.7	111.8	106.5	94.0	84.6	69.3	79.2	77.9	70.8	87.7	96.7	89.7	107.1	95.8	98.3	105.8	121.3	52.5	71.2	44.2	42.5	53.6	33.0	34.7	31.7	31.3	33.2	27.5	36.9	53.8	54.6	41.5	66.0	52.2	45.1	68.7	39.1	77.1	79.8	109.1	61.4	62.1	73.3	72.1	58.9	44.6	76.7	49.3	48.2	34.0	42.1	65.4	68.0	62.9	64.1	72.3	54.2	77.3	80.1	108.5	127.4	121.6	114.9	106.9	103.7
11.6	6.6	10.3	0.0	11.9	6.1	8.9	6.0	19.9	6.2	15.9	22.4	19.8	10.0	17.6	23.6	45.5	62.1	11.6	29.2	18.9	40.2	52.6	53.3	75.0	80.2	91.1	76.9	83.1	89.7	78.9	78.7	108.7	103.4	90.9	81.5	66.2	76.1	74.9	67.7	84.6	93.6	86.6	104.0	92.7	95.2	102.8	118.3	49.4	68.1	41.1	39.4	50.5	24.5	26.2	23.2	22.8	24.7	19.0	28.4	45.9	46.1	33.1	57.5	43.7	36.6	60.2	30.6	69.3	71.9	101.3	53.6	54.3	65.5	64.3	51.1	36.7	68.9	48.3	47.3	33.1	41.1	64.4	67.0	62.0	63.1	71.4	53.3	76.3	79.1	105.5	124.3	118.5	111.8	103.8	100.6
8.0	9.0	12.6	11.8	0.0	10.3	7.9	12.8	23.5	16.9	25.9	30.4	26.5	14.4	16.2	22.2	44.1	60.7	10.5	28.1	17.7	46.9	59.3	60.0	81.7	86.9	97.8	83.6	89.8	96.4	85.6	85.4	115.4	110.1	97.6	88.2	72.9	82.8	81.6	74.4	91.3	100.3	93.3	110.7	99.4	101.9	109.5	125.0	56.1	74.8	47.8	46.1	57.3	28.1	29.3	26.8	26.4	28.3	22.6	32.1	44.8	49.8	36.6	61.1	47.3	40.2	63.8	34.2	68.2	70.8	100.2	52.5	53.2	64.3	63.2	50.0	35.6	67.8	47.0	45.9	31.7	39.7	63.1	65.6	60.6	61.8	70.0	51.9	74.9	77.7	112.2	131.0	125.2	118.5	110.5	107.3
15.0	10.9	14.2	5.7	11.4	0.0	13.1	4.3	17.6	10.8	19.8	24.5	23.7	13.8	19.1	25.2	47.0	63.6	9.3	26.9	16.5	44.1	56.5	57.2	78.9	84.1	95.0	80.8	87.0	93.5	82.8	82.5	112.6	107.3	94.8	85.3	70.1	79.9	78.7	71.5	88.5	97.4	90.5	107.9	96.5	99.1	106.6	122.1	53.3	71.9	45.0	43.3	54.4	22.2	24.6	20.9	20.5	22.4	16.7	26.8	43.6	44.5	30.7	55.2	41.4	34.3	57.9	28.3	67.0	69.6	99.0	51.3	52.0	63.1	62.0	48.8	34.4	66.6	49.9	48.9	34.6	42.7	66.0	68.6	63.5	64.7	72.9	54.8	77.9	80.7	109.3	128.1	122.3	115.7	107.7	104.5
2.7	3.5	7.4	8.1	6.7	12.5	0.0	12.6	26.9	14.3	22.3	28.9	27.2	16.5	20.9	26.9	47.0	63.6	16.5	34.1	23.7	47.6	60.0	60.7	82.4	87.6	98.5	84.3	90.5	97.1	86.3	86.1	116.1	110.8	98.3	88.9	73.6	83.5	82.3	75.1	92.0	101.0	94.0	111.4	100.1	102.6	110.2	125.7	56.8	75.5	48.5	46.8	57.9	31.5	32.9	30.2	29.8	31.7	26.0	35.1	50.8	52.8	40.1	64.5	50.7	43.6	67.2	37.6	74.2	76.8	106.2	58.4	59.1	70.3	69.1	56.0	41.6	73.7	51.7	50.6	36.4	44.5	67.8	70.3	65.3	66.5	74.7	56.6	79.7	82.5	112.9	131.7	125.9	119.2	111.2	108.0
16.4	12.3	15.4	6.9	15.0	4.3	14.5	0.0	15.9	10.0	20.9	22.8	24.9	15.0	22.0	28.1	49.9	66.5	12.2	29.8	19.4	45.3	57.7	58.4	80.1	85.3	96.2	82.0	88.1	94.7	84.0	83.7	113.8	108.5	96.0	86.5	71.3	81.1	79.9	72.7	89.7	98.6	91.7	109.1	97.7	100.3	107.8	123.3	54.5	73.1	46.2	44.5	55.6	20.6	22.0	19.3	18.9	20.8	15.1	24.1	46.5	41.8	29.1	53.6	39.8	32.7	56.3	26.7	69.9	72.5	99.7	54.2	54.9	66.0	64.9	51.7	37.3	69.5	52.8	51.8	37.5	45.6	68.9	71.5	66.4	67.6	75.8	57.7	80.8	83.6	110.5	129.3	123.5	116.9	108.9	105.7
29.6	27.2	28.5	20.9	25.4	19.3	28.7	17.5	0.0	19.9	9.1	10.6	28.0	27.6	33.1	39.2	61.0	77.7	23.3	41.0	30.6	48.3	60.7	61.4	83.1	88.3	99.1	85.0	91.1	97.7	87.0	86.7	116.8	111.5	98.9	89.5	74.2	84.1	82.9	75.7	92.7	101.6	94.7	112.1	100.7	103.3	110.8	123.2	57.5	76.1	49.1	47.5	58.6	20.4	21.5	19.0	18.7	20.6	14.4	29.0	55.8	46.7	28.9	53.3	39.6	32.5	56.1	26.4	81.1	83.7	104.5	65.3	66.0	77.2	76.0	62.8	48.5	80.6	63.9	62.9	48.6	56.7	80.0	82.6	77.5	78.7	87.0	68.8	91.9	94.7	113.5	132.3	126.5	119.8	111.9	108.7
15.6	13.4	15.3	6.9	18.7	10.6	14.7	10.4	19.2	0.0	13.6	20.2	22.6	15.3	23.1	29.2	51.1	67.7	16.1	33.7	23.3	42.9	55.3	56.0	77.7	82.9	93.8	79.6	85.8	92.4	81.7	81.4	111.5	106.1	93.6	84.2	68.9	78.8	77.6	70.4	87.3	96.3	89.4	106.7	95.4	98.0	105.5	121.0	52.1	70.8	43.8	42.2	53.3	23.9	25.0	22.5	22.2	24.1	18.4	30.0	50.4	47.7	32.4	56.8	43.1	36.0	59.6	29.9	73.8	76.4	105.8	58.1	58.7	69.9	68.7	55.6	41.2	73.3	53.9	52.9	38.6	46.7	70.0	72.6	67.5	68.7	77.0	58.8	81.9	84.7	108.2	127.0	121.2	114.5	106.5	103.3
22.2	21.4	22.2	14.8	25.9	18.1	21.3	17.9	9.5	12.5	0.0	9.3	21.7	21.3	28.3	34.4	56.2	72.9	23.6	41.2	30.8	41.9	54.3	55.0	76.7	81.9	92.8	78.6	84.8	91.4	80.7	80.4	110.4	105.1	92.6	83.2	67.9	77.8	76.6	69.4	86.3	95.3	88.3	105.7	94.4	96.9	104.5	120.0	51.1	69.8	42.8	41.1	52.3	25.8	27.0	24.5	24.1	26.0	20.3	34.4	57.9	52.1	34.3	58.8	45.0	37.9	61.5	31.9	81.3	83.9	110.0	65.6	66.3	77.4	76.3	63.1	48.7	80.9	59.1	58.1	43.8	51.9	75.2	77.8	72.7	73.9	82.2	64.0	87.1	89.9	107.2	126.0	120.2	113.5	105.5	102.3
27.4	26.6	26.6	20.0	30.4	23.3	26.6	22.9	9.2	17.8	7.7	0.0	23.4	25.4	32.8	38.8	60.7	77.3	28.8	46.4	36.0	44.6	57.0	57.7	79.4	84.6	95.5	81.3	87.5	94.1	83.3	83.1	113.1	107.8	95.3	85.9	70.6	80.5	79.3	72.1	89.0	98.0	91.0	108.4	97.1	99.6	107.2	118.4	53.8	72.5	45.5	43.8	54.9	25.8	26.9	24.5	24.1	26.0	20.3	34.4	61.2	52.1	34.3	58.8	45.0	37.9	61.5	31.9	86.5	89.1	109.9	70.7	71.4	82.6	81.4	68.3	53.9	86.0	63.6	62.5	48.3	56.4	79.7	82.2	77.2	78.4	85.6	68.5	91.6	94.4	109.9	128.7	122.9	116.2	108.2	105.0
26.6	26.7	22.5	20.1	26.2	23.5	28.0	23.3	27.5	23.0	20.9	22.7	0.0	21.2	28.6	34.7	56.5	73.2	29.0	46.6	36.2	27.7	40.1	40.8	69.0	74.2	85.1	71.0	77.1	83.7	73.0	72.7	102.8	97.5	84.9	75.5	60.2	70.1	68.9	61.7	78.6	87.6	80.7	98.1	86.7	89.3	96.8	112.3	43.4	62.1	35.1	33.5	44.6	41.9	43.6	40.5	40.2	42.1	36.4	45.8	63.3	63.5	50.4	74.8	61.1	54.0	77.6	47.9	86.7	89.3	118.7	71.0	71.6	82.8	81.6	68.5	54.1	86.2	59.4	58.4	44.1	52.2	75.5	78.1	73.0	74.2	68.7	64.3	87.4	90.2	99.5	118.3	112.5	105.8	97.8	94.7
13.8	15.4	9.5	8.8	13.8	12.1	15.9	12.0	25.9	13.1	19.4	23.3	19.4	0.0	16.2	22.2	44.1	60.7	17.1	34.7	24.3	39.8	52.2	52.9	74.6	79.8	90.7	76.5	82.7	89.2	78.5	78.2	108.3	103.0	90.5	81.1	65.8	75.7	74.4	67.2	84.2	93.2	86.2	103.6	92.2	94.8	102.3	117.8	49.0	67.6	40.7	39.0	50.1	30.6	32.3	29.2	28.9	30.8	25.0	34.5	51.4	52.2	39.1	63.5	49.8	42.7	66.2	36.6	74.8	77.4	106.8	59.1	59.7	70.9	69.8	56.6	42.2	74.4	47.0	45.9	31.7	39.7	63.0	65.6	60.6	61.7	70.0	51.9	74.9	77.7	105.0	123.8	118.1	111.4	103.4	100.2
19.6	22.9	19.5	18.2	16.3	19.3	20.3	21.4	32.5	22.5	28.8	32.7	28.8	16.7	0.0	13.2	37.4	53.3	19.6	37.2	26.8	49.2	61.6	62.3	84.0	89.2	100.1	85.9	92.1	98.7	87.9	87.7	117.7	112.4	99.9	90.5	75.2	85.1	83.8	76.7	93.6	102.6	95.6	113.0	101.7	104.2	111.7	127.2	58.4	77.1	50.1	48.4	59.5	37.2	38.3	35.9	35.5	37.4	31.7	41.2	53.9	58.9	45.7	70.2	56.4	49.3	72.9	43.3	77.3	79.9	109.3	61.6	62.2	73.4	72.3	59.1	44.7	76.9	38.0	36.9	22.7	30.8	54.1	56.7	51.6	52.8	61.0	42.9	66.0	68.8	114.4	133.3	127.5	120.8	112.8	109.6
24.7	28.0	24.6	23.3	21.3	24.4	25.4	26.5	37.6	27.6	33.9	37.8	33.9	21.8	12.8	0.0	45.6	52.3	24.7	42.3	31.9	44.4	53.5	54.2	89.1	94.3	105.2	91.0	97.2	103.7	93.0	92.7	122.8	117.5	105.0	95.6	80.3	90.2	88.9	81.7	98.7	107.7	100.7	118.1	106.7	109.3	116.8	132.3	63.5	82.1	55.2	53.5	64.6	42.3	43.4	40.9	40.6	42.5	36.8	46.3	59.0	64.0	50.8	75.2	61.5	54.4	78.0	48.3	82.4	85.0	114.4	66.7	67.3	78.5	77.3	64.2	49.8	82.0	29.4	28.3	14.1	22.1	45.5	48.0	43.0	44.1	52.4	34.3	57.3	60.1	119.5	138.3	132.6	125.9	117.9	114.7
46.7	50.1	47.9	46.6	44.1	47.2	47.4	49.8	60.4	50.9	57.2	61.0	57.2	45.0	37.0	46.2	0.0	17.3	47.5	59.7	54.7	77.5	89.9	90.7	112.3	117.5	128.4	114.3	120.4	127.0	116.3	116.0	146.1	140.8	128.2	118.8	103.5	113.4	112.2	105.0	121.9	130.9	124.0	141.4	130.0	132.6	140.1	155.6	86.7	105.4	78.4	76.8	87.9	65.1	66.2	63.7	63.4	65.3	59.5	69.1	81.8	86.7	73.6	98.0	84.3	77.2	100.7	71.1	92.6	95.2	132.4	76.8	87.3	88.7	87.5	74.3	59.8	92.1	58.1	61.7	55.6	63.7	87.0	89.6	84.5	85.7	93.9	75.8	83.6	69.0	142.8	161.6	155.8	149.1	141.1	138.0
63.2	66.6	64.4	63.1	60.6	63.7	63.9	66.3	76.9	67.4	73.7	77.6	73.7	61.5	53.9	52.3	17.3	0.0	64.0	76.2	71.2	88.1	97.2	97.9	128.8	134.0	144.9	130.8	136.9	143.5	132.8	132.5	162.6	157.3	144.7	135.3	120.0	129.9	128.7	121.5	138.4	147.4	140.5	157.9	146.5	149.1	156.6	172.1	103.2	121.9	94.9	93.3	104.4	81.6	82.7	80.2	79.9	81.8	76.1	85.6	98.3	103.3	90.1	114.5	100.8	93.7	117.2	87.6	109.1	111.7	148.9	93.3	103.8	105.2	104.0	90.8	76.3	108.6	46.9	50.6	46.9	54.9	78.3	80.9	75.9	77.0	85.2	68.9	67.7	53.1	159.3	178.1	172.3	165.6	157.7	154.5
19.5	17.6	19.9	11.4	12.0	9.9	19.8	12.4	23.1	16.5	25.5	30.0	29.4	18.0	19.8	25.8	47.7	64.3	0.0	20.2	14.4	49.8	62.2	62.9	84.6	89.8	100.7	86.5	92.7	99.2	88.5	88.2	118.3	113.0	100.5	91.1	75.8	85.7	84.4	77.2	94.2	103.2	96.2	113.6	102.2	104.8	112.3	127.8	59.0	77.6	50.7	49.0	60.1	27.7	28.9	26.4	26.0	27.9	22.2	31.7	41.5	49.4	36.3	60.7	46.9	39.8	63.4	33.8	64.9	67.5	96.8	49.1	49.8	61.0	59.8	46.6	32.3	64.4	50.6	49.5	35.3	43.4	66.7	69.2	64.2	65.4	73.6	55.5	78.6	81.4	115.0	133.8	128.1	121.4	113.4	110.2
34.0	34.4	36.1	29.1	29.7	27.6	34.7	30.1	40.8	34.2	43.2	47.7	45.4	33.3	35.1	41.1	59.4	76.0	20.3	0.0	14.3	65.8	78.2	78.9	100.6	105.8	116.7	102.5	108.7	115.3	104.5	104.3	134.3	129.0	116.5	107.1	91.8	101.7	100.5	93.3	110.2	119.2	112.2	129.6	118.3	120.8	128.4	143.9	75.0	93.7	66.7	65.0	76.2	45.4	46.6	44.1	43.8	45.7	39.9	49.4	41.9	67.1	54.0	78.4	64.7	57.6	81.1	51.5	67.9	70.5	99.9	52.2	52.9	64.0	62.9	49.7	35.3	67.5	65.9	64.8	50.6	58.6	82.0	84.5	79.5	80.6	88.9	70.8	93.8	96.6	131.1	149.9	144.1	137.4	129.4	126.2
27.6	25.7	28.9	20.5	21.1	18.9	27.9	21.5	32.1	25.5	34.5	39.0	38.4	27.1	28.8	34.9	56.7	73.4	16.8	15.8	0.0	58.8	71.2	71.9	93.6	98.8	109.7	95.5	101.7	108.3	97.5	97.3	127.3	122.0	109.5	100.1	84.8	94.7	93.5	86.3	103.2	112.2	105.2	122.6	111.3	113.8	121.4	136.9	68.0	86.7	59.7	58.0	69.1	36.7	37.9	35.4	35.1	37.0	31.2	40.7	33.4	58.4	45.3	69.7	56.0	48.9	72.4	42.8	59.2	61.8	90.1	43.5	43.1	55.4	54.2	41.0	26.6	58.8	59.6	58.6	44.3	52.4	75.7	78.3	73.2	74.4	82.7	64.5	87.6	90.4	124.1	142.9	137.1	130.4	122.4	119.2
47.2	47.3	43.1	40.7	46.8	44.1	48.6	43.9	48.1	43.6	41.5	44.3	27.3	41.8	49.2	55.3	77.2	93.8	49.6	67.2	56.8	0.0	14.0	14.7	69.2	74.4	85.3	71.2	77.3	83.9	73.2	72.9	103.0	97.6	85.1	75.7	60.4	70.3	69.1	61.9	78.8	87.8	80.9	98.3	86.9	89.5	97.0	112.5	43.6	62.3	35.3	33.7	44.8	62.5	64.2	61.1	60.8	62.7	57.0	66.4	83.9	84.1	71.0	95.4	81.7	74.6	98.2	68.5	107.3	109.9	139.3	91.6	92.2	103.4	102.2	89.1	74.7	106.8	72.9	71.9	55.6	46.8	70.6	76.6	71.8	56.0	41.0	67.0	100.9	107.9	99.7	118.5	112.7	106.0	98.0	94.8
57.2	57.3	53.0	50.7	56.8	54.0	58.5	53.9	58.1	53.6	51.4	54.2	37.2	51.8	59.2	65.2	87.1	103.7	59.5	77.1	66.8	10.9	0.0	4.5	73.2	78.4	89.3	75.1	81.3	87.9	77.1	76.9	106.9	101.6	89.1	79.7	64.4	74.3	73.1	65.9	82.8	91.8	84.8	102.4	91.0	93.6	101.1	118.1	40.1	64.6	38.0	37.1	50.4	72.4	74.1	71.1	70.7	72.6	66.9	76.3	93.8	94.0	81.0	105.4	91.6	84.5	108.1	78.5	117.2	119.8	149.2	101.5	102.2	113.4	112.2	99.0	84.6	116.8	77.3	75.6	60.8	52.0	70.0	76.0	71.3	55.5	40.5	66.4	104.6	112.3	103.7	122.5	116.7	110.0	102.0	98.8
59.8	59.9	55.7	53.3	59.4	56.7	61.2	56.5	60.7	56.2	54.1	56.9	39.8	54.4	61.8	67.9	89.7	106.4	62.2	79.8	69.4	13.6	4.6	0.0	68.7	73.9	84.8	70.6	76.8	83.4	72.6	72.4	102.4	97.1	84.6	75.2	59.9	69.8	68.6	61.4	78.3	87.3	80.3	97.9	86.6	89.1	96.6	113.6	43.1	61.8	33.5	32.6	45.9	75.1	76.8	73.7	73.4	75.3	69.6	79.0	96.5	96.7	83.6	108.0	94.3	87.2	110.8	81.1	119.9	122.5	151.9	104.1	104.8	116.0	114.8	101.7	87.3	119.4	80.0	78.2	63.5	54.6	72.7	78.7	73.9	58.1	43.1	69.1	107.2	114.9	99.2	118.0	112.2	105.5	97.5	94.3
82.3	82.4	78.1	75.8	81.9	79.1	83.6	78.9	83.1	78.7	76.5	79.3	69.1	76.8	84.3	90.3	112.2	128.8	84.6	102.2	91.8	70.0	74.1	69.5	0.0	10.1	24.3	5.3	18.3	24.9	14.0	23.1	49.9	47.9	35.3	25.9	19.0	34.0	21.2	16.2	13.5	22.4	15.5	55.7	65.2	76.3	82.2	125.9	40.3	47.5	42.4	45.8	59.3	97.5	99.2	96.2	95.8	97.7	92.0	101.4	118.9	119.1	106.0	130.5	116.7	109.6	133.2	103.6	142.3	144.9	174.3	126.6	127.2	138.4	137.3	124.1	109.7	141.9	115.0	114.0	99.8	101.1	91.7	91.2	96.2	94.7	77.5	106.8	143.0	145.8	40.7	59.5	53.7	47.0	39.0	35.8
86.6	86.7	82.4	80.1	86.2	83.4	87.9	83.3	87.5	83.0	80.8	83.6	73.4	81.2	88.6	94.6	116.5	133.1	88.9	106.5	96.1	74.3	78.4	73.8	11.9	0.0	29.8	12.8	23.5	30.1	20.1	25.9	55.1	50.6	38.1	28.7	21.8	38.3	23.9	20.5	5.3	14.2	7.3	47.5	57.0	68.1	74.0	118.4	44.7	51.8	46.7	50.1	63.6	101.8	103.5	100.5	100.1	102.0	96.3	105.7	123.2	123.4	110.3	134.8	121.0	113.9	137.5	107.9	146.6	149.2	178.6	130.9	131.6	142.8	141.6	128.4	114.0	146.2	119.4	118.3	104.1	105.4	96.0	95.5	100.5	99.0	81.8	111.1	147.3	150.1	45.8	64.7	58.9	52.2	44.2	41.0
98.2	98.3	94.0	91.7	97.8	95.0	99.5	94.9	99.1	94.6	92.4	95.2	85.1	92.8	100.2	106.2	128.1	144.7	100.5	118.1	107.8	85.9	90.0	85.4	24.5	29.4	0.0	25.3	19.7	24.3	31.7	39.0	58.2	63.0	50.5	41.8	34.9	49.9	37.1	32.1	31.5	41.5	34.6	74.5	83.9	95.0	101.0	141.9	56.3	63.4	58.3	61.7	75.2	113.4	115.1	112.1	111.8	113.6	107.9	117.3	134.8	135.0	122.0	146.4	132.6	125.5	149.1	119.5	158.2	160.8	190.2	142.5	143.2	154.4	153.2	140.0	125.7	157.8	131.0	129.9	115.7	117.0	107.7	107.1	112.1	110.6	93.4	122.7	158.9	161.7	45.4	60.0	62.0	55.3	28.8	35.2
83.8	83.9	79.7	77.3	83.4	80.6	85.2	80.5	84.7	80.2	78.1	80.8	70.7	78.4	85.8	91.9	113.7	130.4	86.2	103.8	93.4	71.6	75.6	71.0	5.8	12.3	25.2	0.0	16.1	22.7	14.6	24.7	47.8	49.4	36.9	27.5	20.5	35.5	22.7	17.8	14.1	23.1	16.2	56.4	65.8	76.9	82.9	127.5	41.9	49.1	44.0	47.3	60.8	99.1	100.8	97.7	97.4	99.3	93.6	103.0	120.5	120.7	107.6	132.0	118.3	111.2	134.7	105.1	143.9	146.5	175.8	128.1	128.8	140.0	138.8	125.6	111.3	143.4	116.6	115.6	101.3	102.7	93.3	92.7	97.8	96.2	79.1	108.3	144.6	147.4	38.5	57.3	51.5	44.8	36.8	33.6
89.2	89.3	85.0	82.7	88.8	86.0	90.5	85.9	90.1	85.6	83.4	86.2	76.0	83.8	91.2	97.2	119.1	135.7	91.5	109.1	98.8	76.9	81.0	76.4	15.5	22.5	20.5	17.4	0.0	7.4	18.5	28.4	38.5	43.3	30.8	32.8	25.9	40.9	28.1	23.1	24.6	34.6	27.7	67.9	77.3	90.1	94.4	132.9	47.3	54.4	49.3	52.7	66.2	104.4	106.1	103.1	102.7	104.6	98.9	108.3	125.8	126.0	113.0	137.4	123.6	116.5	140.1	110.5	149.2	151.8	181.2	133.5	134.2	145.4	144.2	131.0	116.6	148.8	122.0	120.9	106.7	108.0	98.6	98.1	103.1	101.6	84.4	113.7	149.9	152.7	29.3	48.1	42.3	35.6	21.1	24.4
95.9	96.0	91.7	89.4	95.5	92.7	97.3	92.6	96.8	92.3	90.1	92.9	82.8	90.5	97.9	103.9	125.8	142.4	98.2	115.8	105.5	83.6	87.7	83.1	22.2	29.2	24.2	24.1	7.4	0.0	25.2	32.1	39.9	46.4	34.4	39.5	32.6	47.6	34.8	29.8	31.3	41.3	34.4	74.6	84.0	96.8	101.1	139.6	54.0	61.1	56.0	59.4	72.9	111.1	112.9	109.8	109.5	111.3	105.6	115.0	132.5	132.7	119.7	144.1	130.3	123.2	146.8	117.2	155.9	158.5	187.9	140.2	140.9	152.1	150.9	137.7	123.4	155.5	128.7	127.6	113.4	114.8	105.4	104.8	109.8	108.3	91.1	120.4	156.6	159.4	31.3	47.3	44.4	37.7	13.7	20.1
86.5	86.6	82.3	80.0	86.1	83.3	87.9	83.2	87.4	82.9	80.7	83.5	73.4	81.1	88.5	94.5	116.4	133.0	88.8	106.4	96.1	74.2	78.3	73.7	13.5	19.6	30.8	15.4	18.8	25.4	0.0	21.1	50.1	44.8	32.3	28.8	23.2	38.2	25.4	20.4	24.0	33.0	26.1	66.3	75.7	87.4	92.8	130.2	44.6	51.7	46.6	50.0	63.5	101.7	103.5	100.4	100.1	102.0	96.2	105.6	123.2	123.3	110.3	134.7	121.0	113.9	137.4	107.8	146.5	149.2	178.5	130.8	131.5	142.7	141.5	128.3	114.0	146.1	119.3	118.2	104.0	105.4	96.0	95.4	100.5	98.9	81.8	111.0	147.3	150.0	41.9	60.7	54.9	48.3	40.3	37.1
85.7	85.8	81.5	79.2	85.3	82.5	87.1	82.4	86.6	82.1	79.9	82.7	72.6	80.3	87.7	93.7	115.6	132.2	88.0	105.6	95.3	73.4	77.5	72.9	21.6	26.1	37.7	23.5	28.4	31.9	20.8	0.0	32.8	27.5	14.9	9.2	21.9	25.3	7.4	16.7	30.5	39.5	32.5	74.1	83.6	86.6	94.1	129.4	43.8	50.9	45.8	49.2	62.7	100.9	102.7	99.6	99.3	101.1	95.4	104.8	122.3	122.5	109.5	133.9	120.2	113.1	136.6	107.0	145.7	148.4	177.7	130.0	130.7	141.9	140.7	127.5	113.2	145.3	118.5	117.4	103.2	104.6	92.8	92.3	97.3	98.1	80.9	110.2	146.5	149.2	44.9	63.7	57.9	51.2	43.0	40.1
116.0	116.1	111.9	109.5	115.6	112.9	117.4	112.7	116.9	112.4	110.3	113.1	102.9	110.6	118.0	124.1	145.9	162.6	118.4	136.0	125.6	103.8	107.9	103.2	48.3	55.3	58.5	50.3	38.9	40.0	49.9	32.6	0.0	9.7	17.8	34.4	52.7	56.3	38.4	47.1	57.5	67.4	60.5	100.7	110.2	117.0	124.5	159.7	74.1	81.3	76.2	79.5	93.1	131.3	133.0	129.9	129.6	131.5	125.8	135.2	152.7	152.9	139.8	164.2	150.5	143.4	167.0	137.3	176.1	178.7	208.1	160.3	161.0	172.2	171.0	157.9	143.5	175.6	148.8	147.8	133.5	134.9	120.2	119.7	124.7	126.2	111.3	140.6	176.8	179.6	31.1	49.9	36.3	21.4	36.1	28.7
110.5	110.6	106.3	104.0	110.1	107.3	111.8	107.2	111.4	106.9	104.7	107.5	97.3	105.1	112.5	118.5	140.4	157.0	112.8	130.4	120.0	98.2	102.3	97.7	46.4	50.9	62.5	48.3	43.1	45.5	44.3	27.1	9.5	0.0	12.2	28.8	47.2	50.8	32.9	41.5	55.3	64.2	57.3	98.9	108.4	111.4	118.9	154.2	68.6	75.7	70.6	74.0	87.5	125.7	127.4	124.4	124.0	125.9	120.2	129.6	147.1	147.3	134.2	158.7	144.9	137.8	161.4	131.8	170.5	173.1	202.5	154.8	155.5	166.7	165.5	152.3	137.9	170.1	143.3	142.2	128.0	129.3	114.7	114.1	119.2	120.6	105.7	135.0	171.2	174.0	40.6	59.4	45.7	30.9	44.3	38.1
98.2	98.4	94.1	91.8	97.8	95.1	99.6	94.9	99.1	94.7	92.5	95.3	85.1	92.8	100.3	106.3	128.2	144.8	100.6	118.2	107.8	86.0	90.1	85.5	34.2	38.6	50.3	36.1	30.9	34.3	32.1	14.9	17.9	12.5	0.0	16.6	35.0	38.5	20.7	29.3	43.0	52.0	45.1	86.7	96.1	99.2	106.7	141.9	56.3	63.5	58.4	61.8	75.3	113.5	115.2	112.2	111.8	113.7	108.0	117.4	134.9	135.1	122.0	146.5	132.7	125.6	149.2	119.6	158.3	160.9	190.3	142.6	143.2	154.4	153.3	140.1	125.7	157.9	131.0	130.0	115.8	117.1	102.5	101.9	107.0	108.4	93.5	122.8	159.0	161.8	47.8	66.6	54.1	39.3	43.3	40.7
88.7	88.8	84.6	82.2	88.3	85.6	90.1	85.4	89.6	85.1	83.0	85.8	75.6	83.3	90.7	96.8	118.6	135.3	91.1	108.7	98.3	76.5	80.6	75.9	24.7	29.1	40.8	26.6	32.7	39.3	28.2	9.1	34.1	28.8	16.3	0.0	25.5	28.5	11.1	19.8	33.5	42.5	35.6	77.2	86.6	89.7	97.2	132.4	46.8	50.4	48.9	52.2	65.8	104.0	105.7	102.6	102.3	104.2	98.5	107.9	125.4	125.6	112.5	136.9	123.2	116.1	139.7	110.0	148.8	151.4	180.8	133.1	133.7	144.9	143.7	130.6	116.2	148.3	121.5	120.5	106.2	107.6	90.3	89.8	94.8	96.3	84.0	113.3	149.5	152.3	52.3	71.1	65.3	58.6	50.4	47.4
71.8	71.9	67.6	65.3	71.4	68.6	73.1	68.5	72.7	68.2	66.0	68.8	58.6	66.4	73.8	79.8	101.7	118.3	74.1	91.7	81.4	59.5	63.6	59.0	17.3	22.5	33.4	19.2	25.4	32.0	21.2	21.0	51.0	45.7	33.2	23.8	0.0	22.9	17.9	8.5	26.9	35.9	28.9	69.1	70.1	72.7	80.2	115.5	29.9	36.6	31.9	35.3	48.8	87.0	88.7	85.7	85.3	87.2	81.5	90.9	108.4	108.6	95.6	120.0	106.2	99.1	122.7	93.1	131.8	134.4	163.8	116.1	116.8	128.0	126.8	113.6	99.2	131.4	104.6	103.5	89.3	90.6	80.9	80.3	85.4	84.2	67.0	96.3	132.5	135.3	47.8	66.6	60.8	54.1	46.1	42.9
82.5	82.6	78.3	76.0	82.1	79.3	83.8	79.1	83.3	78.9	76.7	79.5	69.3	77.0	84.5	90.5	112.4	129.0	84.8	102.4	92.0	70.2	74.3	69.7	33.2	38.4	49.3	35.1	41.2	47.8	37.1	25.3	56.0	50.7	38.1	28.0	22.8	0.0	20.4	22.3	42.8	51.7	44.8	85.0	80.8	83.4	90.9	126.1	40.5	27.7	42.6	46.0	59.5	97.7	99.4	96.4	96.0	97.9	92.2	101.6	119.1	119.3	106.2	130.7	116.9	109.8	133.4	103.8	142.5	145.1	174.5	126.8	127.4	138.6	137.5	124.3	109.9	142.1	103.8	102.1	100.0	101.3	71.9	71.3	76.4	77.8	75.3	93.4	131.1	138.7	63.6	82.4	76.6	70.0	62.0	58.8
82.2	82.3	78.0	75.7	81.8	79.0	83.5	78.9	83.1	78.6	76.4	79.2	69.0	76.8	84.2	90.2	112.1	128.7	84.5	102.1	91.7	69.9	74.0	69.4	20.9	25.3	37.0	22.8	29.0	35.5	24.8	7.9	38.7	33.4	20.9	11.5	18.7	20.7	0.0	15.5	29.7	38.7	31.8	73.4	80.5	83.1	90.6	125.9	40.3	47.4	42.3	45.7	59.2	97.4	99.1	96.1	95.7	97.6	91.9	101.3	118.8	119.0	105.9	130.4	116.6	109.5	133.1	103.5	142.2	144.8	174.2	126.5	127.2	138.4	137.2	124.0	109.6	141.8	115.0	113.9	99.7	101.0	89.5	89.0	94.0	95.5	77.4	106.7	142.9	145.7	51.3	70.1	64.3	57.7	49.7	46.5
74.7	74.8	70.6	68.2	74.3	71.6	76.1	71.4	75.6	71.1	69.0	71.8	61.6	69.3	76.7	82.8	104.6	121.3	77.1	94.7	84.3	62.5	66.6	61.9	15.2	20.3	31.2	17.1	23.2	29.8	19.1	18.3	48.4	43.1	30.6	21.2	9.0	22.8	15.7	0.0	24.8	33.7	26.8	67.0	73.1	75.7	83.2	118.4	32.8	40.0	34.9	38.2	51.8	90.0	91.7	88.6	88.3	90.2	84.5	93.9	111.4	111.6	98.5	122.9	109.2	102.1	125.7	96.0	134.8	137.4	166.8	119.1	119.7	130.9	129.7	116.6	102.2	134.3	107.5	106.5	92.2	93.6	84.2	83.7	88.7	87.1	70.0	99.3	135.5	138.3	45.6	64.4	58.6	51.9	44.0	40.8
90.9	91.0	86.8	84.4	90.5	87.8	92.3	87.6	91.8	87.3	85.2	88.0	77.8	85.5	92.9	99.0	120.8	137.5	93.3	110.9	100.5	78.7	82.7	78.1	15.4	5.2	31.8	14.8	25.5	32.1	24.5	30.2	57.2	55.0	42.4	33.0	26.1	42.6	28.3	24.9	0.0	10.2	3.2	43.4	52.9	64.0	70.0	114.4	49.0	56.2	51.1	54.4	67.9	106.2	107.9	104.8	104.5	106.4	100.7	110.1	127.6	127.8	114.7	139.1	125.4	118.3	141.8	112.2	151.0	153.6	182.9	135.2	135.9	147.1	145.9	132.7	118.4	150.5	123.7	122.7	108.4	109.8	100.4	99.8	104.9	103.3	86.2	115.4	151.7	154.5	47.9	66.7	60.9	54.2	46.2	43.0
100.0	100.1	95.8	93.5	99.5	96.8	101.3	96.6	100.8	96.4	94.2	97.0	86.8	94.5	102.0	108.0	129.9	146.5	102.3	119.9	109.5	87.7	91.8	87.2	24.5	14.2	41.6	24.6	35.3	41.9	33.5	39.3	66.9	64.0	51.5	42.1	35.2	51.7	37.3	33.9	11.0	0.0	7.8	34.3	43.8	54.9	60.8	105.2	58.0	65.2	60.1	63.5	77.0	115.2	116.9	113.9	113.5	115.4	109.7	119.1	136.6	136.8	123.7	148.2	134.4	127.3	144.8	121.3	160.0	162.6	192.0	144.3	144.9	156.1	155.0	141.8	127.4	159.6	132.7	131.7	117.5	118.8	109.4	108.9	113.9	112.4	95.2	124.5	160.7	163.5	57.7	76.5	70.7	64.0	56.0	52.8
92.8	92.9	88.6	86.3	92.4	89.6	94.2	89.5	93.7	89.2	87.0	89.8	79.7	87.4	94.8	100.9	122.7	139.3	95.2	112.8	102.4	80.5	84.6	80.0	17.3	7.0	34.4	17.4	28.1	34.7	26.3	32.1	59.8	56.9	44.3	34.9	28.0	44.5	30.2	26.8	3.9	7.3	0.0	40.6	50.0	61.1	67.1	111.5	50.9	58.0	52.9	56.3	69.8	108.0	109.8	106.7	106.4	108.3	102.5	112.0	129.5	129.7	116.6	141.0	127.3	120.2	143.7	114.1	152.9	155.5	184.8	137.1	137.8	149.0	147.8	134.6	120.3	152.4	125.6	124.6	110.3	111.7	102.3	101.7	106.8	105.2	88.1	117.3	153.6	156.4	50.5	69.3	63.5	56.8	48.9	45.7
110.9	111.0	106.8	104.5	110.5	107.8	112.3	107.6	111.8	107.3	105.2	108.0	97.8	105.5	112.9	119.0	140.9	157.5	113.3	130.9	120.5	98.7	102.5	97.9	57.5	47.3	74.6	57.7	68.4	74.9	66.6	72.3	100.0	97.1	84.6	75.2	68.3	84.8	70.4	67.0	44.1	34.5	40.8	0.0	11.3	22.4	28.4	72.8	79.7	95.2	70.8	66.1	71.4	127.9	130.4	125.3	127.6	126.1	122.6	130.1	147.6	147.8	117.7	142.2	111.3	121.3	112.4	115.9	171.0	173.6	183.9	155.3	155.9	167.1	165.9	152.8	138.4	170.6	143.7	142.7	128.4	136.5	142.5	142.0	147.0	138.3	123.2	148.7	171.7	174.5	90.7	109.5	103.8	97.1	89.1	85.9
99.6	99.7	95.4	93.1	99.2	96.4	101.0	96.3	100.5	96.0	93.8	96.6	86.5	94.2	101.6	107.6	129.5	146.1	101.9	119.6	109.2	87.3	91.2	86.6	66.8	56.5	83.8	66.9	77.6	84.2	75.8	81.6	109.3	106.3	93.8	84.4	71.4	83.1	80.0	72.9	53.3	43.8	50.1	11.4	0.0	11.1	17.0	61.4	68.4	83.8	59.4	54.8	60.0	116.6	119.1	114.0	116.3	114.7	111.3	118.8	136.3	136.4	106.4	130.9	100.0	110.0	101.1	104.5	159.7	162.3	172.6	143.9	144.6	155.8	154.6	141.4	127.1	159.2	132.4	131.3	117.1	125.2	129.9	129.4	134.4	126.9	111.9	137.3	160.4	163.2	100.0	118.8	113.0	106.3	98.3	95.1
102.2	102.3	98.0	95.7	101.8	99.0	103.6	98.9	103.1	98.6	96.4	99.2	89.1	96.8	104.2	110.2	132.1	148.7	104.5	122.1	111.8	89.9	93.8	89.2	78.1	67.8	95.1	78.2	88.9	95.5	87.1	86.4	116.5	111.2	98.7	89.3	74.0	85.7	82.6	75.4	64.6	55.1	61.4	22.6	11.3	0.0	7.5	51.9	71.0	86.4	62.0	57.3	58.3	110.3	112.8	107.7	110.0	103.1	105.0	123.3	138.8	139.8	109.6	134.0	103.1	113.2	104.3	98.3	162.2	164.8	175.7	146.5	147.2	158.4	157.2	144.0	129.7	161.8	135.0	133.9	119.7	127.8	132.5	131.9	137.0	129.5	114.5	139.9	162.9	165.7	111.3	130.1	124.3	117.6	109.6	106.4
109.5	109.6	105.3	103.0	109.1	106.3	110.9	106.2	112.7	105.9	103.7	106.5	96.4	104.1	111.5	117.6	139.4	156.0	111.9	129.5	119.1	97.2	101.1	96.5	84.1	73.8	101.1	84.2	94.9	101.5	93.1	93.8	123.8	118.5	106.0	96.6	81.3	93.0	90.0	82.8	70.7	61.1	67.4	28.7	17.3	7.3	0.0	45.9	78.3	93.7	69.4	64.7	67.9	104.2	106.8	101.6	104.0	97.1	98.9	117.2	145.3	133.7	103.5	127.9	97.0	107.1	98.2	92.2	169.6	172.2	169.6	153.8	154.5	165.7	164.5	151.3	137.0	169.1	142.3	141.3	127.0	135.1	139.8	139.3	144.3	136.8	121.8	147.2	170.3	173.1	117.3	136.1	130.3	123.6	115.6	112.5
124.5	124.6	120.4	118.0	124.1	121.4	125.9	121.2	122.9	120.9	118.8	116.2	111.4	119.1	126.5	132.6	154.4	171.1	126.9	144.5	134.1	112.3	118.1	113.5	125.6	118.4	141.6	127.5	133.6	140.2	129.5	129.2	162.4	154.0	141.4	132.0	116.7	126.6	125.4	118.2	115.2	105.6	112.0	73.2	61.9	51.9	46.7	0.0	99.9	118.6	92.3	83.4	73.1	140.1	142.6	137.5	139.8	130.6	134.8	143.7	161.2	161.4	138.1	162.5	131.6	141.7	132.8	125.7	184.6	187.2	204.2	168.9	169.5	180.7	179.5	166.4	152.0	184.1	157.3	156.3	142.0	150.1	173.4	171.3	170.9	158.5	143.4	162.2	185.3	188.1	156.0	174.8	169.0	162.3	154.4	151.2
58.0	58.1	53.9	51.5	57.6	54.9	59.4	54.7	58.9	54.4	52.3	55.1	44.9	52.6	60.0	66.1	87.9	104.6	60.4	78.0	67.6	41.3	40.1	39.4	40.8	46.0	56.9	42.8	48.9	55.5	44.8	44.5	74.6	69.3	56.7	47.3	32.0	41.9	40